100
4 3 12
3 2 1
1 5 2
8 1 1
3 2 30
1 2 27
3 2 1
4 1 11
2 1 2
4 1 5
8 2 2
5 10 5000
14 27 31
27 11 44
30 8 20
2000 4000 3
9 15 307
6 10 88
202 7 6
196 67 1
266 13 3
279 2 2
109 4 5
129 18 2
159 15 13
4 87 886
330 5 3
372 60 37
376 457 53
5 33 869
189 5 14
208 19 309
512 311 13
838 9 8
12 13 270
7 7 22
23 117 6
150 8 91
172 68 79
328 18 6
365 4 46
479 9 4
172 4 8
434 3 3
497 4 1
499 7 12
4 58 170
37 59 8
20 63 11
131 27 16
10 12 772
8 11 5
13 5 1
7 8 513
696 8 4
113 12 177
469 20 7
774 20 6
967 6 5
976 3 8
13 26 717
38 3 25
315 12 48
266 26 11
387 10 7
35 29 112
507 36 11
394 34 45
499 85 4
468 24 20
284 15 1
605 20 2
707 17 10
8 36 503
11 28 17
20 8 112
68 25 1
44 35 2
151 7 314
511 24 24
539 31 18
2 119 959
173 4 16
9 9 766
3 8 6
11 8 53
56 133 1
190 4 12
196 82 16
63 32 46
41 7 148
275 242 7
16 10 929
9 7 15
25 7 4
19 11 6
29 9 96
128 222 1
179 4 5
360 2 1
327 5 74
436 4 7
443 6 12
501 6 70
578 4 2
119 12 1
591 8 1
594 8 4
12 11 77
4 10 2
8 2 1
12 7 3
9 13 2
9 5 4
5 2 2
33 2 4
8 8 1
22 14 5
26 8 2
67 11 10
7 27 107
20 20 12
17 5 2
44 17 3
22 43 12
61 18 1
80 11 27
15 29 259
15 17 12
34 25 5
57 22 10
74 28 4
71 21 2
70 24 3
80 19 11
32 14 7
92 17 22
103 12 13
103 10 15
145 25 1
189 15 10
215 29 27
3 42 388
39 22 85
114 234 40
7 22 916
15 17 10
10 25 4
39 10 470
521 18 61
345 217 10
265 127 16
6 24 88
13 15 1
14 10 6
18 19 1
17 21 20
58 5 6
11 27 917
3 28 26
27 19 95
323 13 3
281 7 80
530 4 8
569 9 9
585 10 5
348 12 111
693 293 21
746 47 5
16 108 3528
78 60 582
900 108 66
978 96 108
1008 90 270
1536 12 12
1548 108 12
1566 42 204
1686 384 6
468 126 48
894 72 6
1110 330 6
2436 36 6
2442 66 42
2514 66 540
3372 66 6
4 79 3621
6 78 25
2 42 112
107 700 51
6 37 547
27 27 34
59 246 62
374 8 26
410 18 17
231 7 18
3 18 446
6 14 57
431 16 15
7 66 1122
60 49 1
27 55 291
382 46 409
861 31 5
888 37 21
818 57 21
15 24 802
121 1 2
123 8 160
75 47 1
312 14 75
135 30 3
270 23 27
280 73 2
504 11 4
98 25 4
539 13 19
392 81 2
595 3 7
140 24 5
467 17 2
2 77 3806
5 77 68
11 8 274
5 6 62
62 109 1
173 6 1
40 6 1
37 4 1
182 3 1
188 8 12
247 6 11
155 16 2
269 6 5
9 14 468
10 11 2
12 10 6
4 20 5
37 13 1
18 15 300
336 153 1
490 5 1
296 11 14
9 30 466
7 26 133
133 72 1
207 30 3
210 26 80
352 29 84
449 5 11
464 21 27
520 5 9
9 19 327
11 18 1
4 8 144
302 16 5
316 17 15
331 17 9
343 2 4
347 9 4
360 3 12
8 9 33
3 8 1
3 2 2
1 6 3
4 6 3
13 4 6
20 5 4
15 9 7
11 18 648
11 18 3
22 7 82
111 18 12
216 14 1
217 2 5
127 7 6
93 24 84
342 3 177
625 10 4
347 17 12
15 21 714
5 18 38
112 4 1
106 7 54
109 27 14
229 21 8
183 33 20
252 51 5
311 13 32
354 16 5
194 40 52
284 36 2
142 22 1
473 2 1
166 8 7
12 44 303
15 32 4
27 22 2
21 13 30
24 43 20
102 32 8
143 30 5
27 5 12
187 16 31
221 35 23
262 13 24
293 32 10
5 24 2640
282 12 12
246 18 66
2622 18 6
1398 12 6
2 20 3575
13 14 16
2 75 1536
988 3 66
8 44 2394
284 5 18
457 14 46
461 75 16
171 8 28
592 18 7
369 12 20
39 8 32
5 53 491
214 2 17
266 9 10
400 28 12
236 35 45
12 16 1196
1 16 119
204 14 38
152 87 7
336 9 8
345 9 12
460 4 59
535 11 48
693 8 217
908 239 9
708 11 8
1195 16 1
9 162 4614
150 54 840
1560 144 558
2004 720 294
2346 630 30
3636 30 216
2886 216 24
1272 198 36
4080 144 126
8 41 941
3 41 390
555 19 11
570 16 3
96 32 54
618 242 15
910 18 4
840 42 17
8 5 1078
77 2 240
313 172 43
461 31 2
556 4 214
456 156 2
166 2 39
520 111 3
14 416 3024
176 304 256
16 432 32
112 384 288
208 96 64
528 176 32
432 176 16
1200 192 80
752 208 144
1536 80 48
1600 64 32
1632 256 96
352 224 320
2256 400 384
2 86 868
84 8 47
13 76 4344
44 36 316
440 36 16
476 48 40
532 36 40
580 64 4
48 8 316
856 1000 140
2172 12 288
1052 68 8
2100 80 464
1136 456 480
4308 40 36
5 58 3467
161 3 113
260 302 4
566 50 13
314 75 55
14 15 2360
22 5 4
34 13 1
39 12 71
104 58 9
27 12 178
384 10 2
134 2 35
478 9 2
484 12 2
476 17 109
702 2 2
34 8 18
760 3 8
14 5 920
3 4 38
89 4 31
173 5 69
242 4 2
251 4 76
36 16 1
221 5 10
103 19 13
387 5 2
390 4 1
27 2 224
873 2 32
915 4 5
4 41 3899
52 2 32
121 12 8
133 34 27
5 39 246
130 5 1
166 20 15
99 50 1
212 13 13
10 9 1099
35 3 105
202 2 40
263 2 1
264 3 94
391 7 1
303 10 81
579 2 1
282 2 379
1093 3 6
16 18 1590
9 21 6
3 12 687
750 15 30
828 15 15
909 9 24
777 144 21
1134 6 6
1143 15 9
1155 15 489
1716 12 6
1725 15 9
1074 12 399
2187 9 294
2538 9 3
2544 9 6
13 7 823
35 3 23
68 3 6
51 17 52
167 6 58
218 45 1
128 6 1
270 2 43
484 3 80
95 66 1
121 3 32
594 60 28
818 7 5
10 29 1284
46 4 16
61 8 4
75 5 174
382 18 461
435 57 5
897 3 142
330 115 9
1148 13 63
1215 15 28
7 53 1625
36 30 31
111 52 128
248 50 8
257 49 20
840 32 100
273 164 40
10 42 1101
30 25 22
15 42 16
60 18 14
78 19 1
63 43 157
260 407 33
632 48 191
615 89 51
1089 31 12
5 1449 4914
1302 1239 84
21 2667 63
3780 1302 189
4053 1155 861
14 15 1944
27 6 6
24 45 6
75 12 3
78 6 42
117 114 9
27 12 3
18 3 237
522 6 15
324 66 3
438 9 129
705 864 9
1578 15 57
1938 15 6
6 47 132
42 43 5
52 29 3
26 18 7
73 22 4
77 20 12
10 3 19
2 4 1
4 3 2
4 1 1
7 3 2
9 2 2
11 2 2
13 3 1
5 2 2
15 1 1
13 21 2724
26 4 2
13 28 1
59 18 22
72 139 44
263 7 2
141 8 80
627 20 1
32 23 2
638 21 24
433 109 67
963 20 2
210 18 9
5 546 4338
732 18 90
618 474 1362
2028 1758 288
1218 612 60
2 140 102
31 110 24
10 3 17
2 2 2
4 3 2
6 2 1
7 2 2
9 2 2
8 3 1
5 4 1
8 1 1
16 2 1
14 24 1224
19 14 11
30 20 82
106 130 1
241 11 9
65 17 13
243 75 1
185 2 9
70 34 1
259 22 2
302 25 346
531 72 157
857 31 4
924 15 23
2 199 355
115 176 159
10 15 405
13 14 60
134 15 1
135 2 1
137 15 4
149 5 61
287 14 4
292 12 18
301 326 7
635 10 12
5 300 3492
204 225 1608
2100 288 30
2193 24 330
945 354 168
4 183 2208
99 168 39
30 1926 21
945 75 27
10 27 709
59 2 1
35 45 13
77 20 50
197 15 36
328 14 196
162 45 12
232 25 1
583 23 17
477 32 13
16 17 320
16 4 3
19 12 1
34 4 25
42 33 12
93 10 26
84 21 7
124 50 2
179 3 2
181 7 1
69 11 44
308 15 4
51 14 11
314 139 18
360 34 22
201 38 14
12 19 652
9 13 7
19 10 2
8 1 16
40 7 110
170 12 25
122 68 81
244 76 4
127 45 3
453 9 67
290 9 9
541 4 4
2 82 125
67 22 54
9 16 69
3 15 1
3 2 5
1 17 1
12 12 1
26 11 4
24 9 2
22 13 2
24 24 2
16 11 788
46 4 1
48 6 167
124 3 10
127 13 3
234 11 53
157 21 1
258 8 36
362 5 100
581 4 19
604 4 20
576 3 41
193 11 51
195 47 2
348 14 3
780 4 8
12 10 1148
39 2 130
168 109 22
179 57 38
476 9 2
478 8 4
482 7 202
833 10 10
858 9 27
555 19 1
462 10 104
864 139 6
15 5 1076
2 4 1
2 3 1
6 5 1
2 6 421
241 31 54
507 83 1
592 4 2
422 1 115
623 84 3
823 3 106
945 4 46
1066 4 2
778 5 3
700 4 4
16 3 28
2 3 2
3 1 1
5 3 1
5 2 1
5 3 2
10 2 1
3 1 1
13 2 1
15 3 2
17 3 1
18 2 1
20 2 1
21 3 1
16 2 2
6 3 2
12 5 355
132 4 7
176 4 3
179 2 1
134 3 118
316 2 2
286 3 1
145 4 2
274 5 1
78 2 2
329 2 2
271 3 3
5 7 984
277 5 2
27 2 1
185 5 634
841 70 3
16 20 902
172 8 2
176 8 6
186 6 4
202 16 6
56 18 384
596 388 2
164 8 10
1002 18 14
1020 20 8
830 8 352
254 30 10
1404 8 2
692 12 6
1418 12 158
1744 10 12
15 208 1404
52 182 52
234 130 52
286 182 104
416 182 52
494 182 130
676 52 52
728 156 26
754 130 52
910 130 26
728 208 26
156 130 26
494 208 26
988 156 104
1170 26 104
12 14 94
8 9 4
14 12 5
20 12 2
12 13 5
25 13 3
28 19 2
40 13 4
25 9 3
67 7 3
14 3 4
16 4 12
12 17 583
4 15 3
7 9 63
58 38 3
140 6 2
120 2 129
146 27 38
133 11 51
424 8 9
327 10 2
145 142 2
575 4 8
11 15 487
4 16 4
18 4 99
112 159 1
274 14 28
165 21 2
216 10 6
139 21 3
333 13 4
461 6 1
147 20 6
6 34 123
13 26 10
45 12 21
71 6 9
40 15 4
105 6 18
5 238 651
77 203 7
49 21 105
175 133 14
238 182 203
5 62 158
59 12 1
19 41 19
47 38 11
35 100 23
3 76 196
59 64 42
101 26 5
8 18 551
4 18 168
183 6 30
273 5 5
286 8 242
521 197 14
278 12 4
497 5 3
4 60 728
4 58 40
4 56 3
64 21 19
2 123 2397
1 123 121
16 153 1326
51 153 17
102 85 17
102 17 17
51 85 85
238 34 102
51 51 17
255 238 68
153 153 34
493 255 68
850 34 34
884 136 34
969 34 51
1020 136 51
1088 34 17
646 119 153
15 7 1497
1 7 133
132 98 6
211 19 1
251 3 9
258 60 6
154 8 1
332 3 25
409 7 63
97 41 1
511 2 3
257 10 193
725 4 1
726 7 66
827 7 7
14 10 703
3 10 6
12 6 4
354 2 7
98 43 9
408 3 2
359 7 1
124 7 2
424 7 1
54 4 157
353 111 1
688 7 1
246 6 3
699 9 4
2 165 1389
6 163 139
