100
840 0 0
647 0 0
-445 0 0
-157 0 0
773 0 0
402 0 0
221 0 0
293 0 0
-137 0 0
597 0 0
620 0 0
608 0 0
-313 0 0
677 0 0
-313 0 0
-675 0 0
60 0 0
21 0 0
-840 0 0
-836 0 0
-904 0 0
-94 0 0
420 0 0
294 0 0
375 0 0
-724 0 0
585 0 0
-577 0 0
-176 0 0
330 0 0
-524 0 0
-304 0 0
933 0 0
139 0 0
971 0 0
974 0 0
961 0 0
-404 0 0
-666 0 0
49 0 0
-689 0 0
174 0 0
202 0 0
736 0 0
-373 0 0
437 0 0
-457 0 0
-571 0 0
623 0 0
468 0 0
-543 0 0
522 0 0
-330 0 0
-333 0 0
-755 0 0
-191 0 0
387 0 0
-366 0 0
255 0 0
-783 0 0
813 0 0
-972 0 0
651 0 0
-508 0 0
658 0 0
279 0 0
-311 0 0
-365 0 0
873 0 0
123 0 0
986 0 0
-436 0 0
635 0 0
180 0 0
-810 0 0
73 0 0
960 0 0
77 0 0
533 0 0
-229 0 0
-191 0 0
-867 0 0
-33 0 0
-121 0 0
875 0 0
-740 0 0
-20 0 0
-779 0 0
-809 0 0
-378 0 0
258 0 0
-551 0 0
707 0 0
-159 0 0
678 0 0
-388 0 0
-570 0 0
881 0 0
368 0 0
-489 0 0
-972 0 0
21 0 0
-679 0 0
307 0 0
138 0 0
200 0 0
752 0 0
403 0 0
34 0 0
-896 0 0
-121 0 0
94 0 0
230 0 0
159 0 0
-153 0 0
-938 0 0
-225 0 0
219 0 0
-717 0 0
251 0 0
107 0 0
-130 0 0
433 0 0
-362 0 0
616 0 0
-750 0 0
696 0 0
81 0 0
67 0 0
239 0 0
494 0 0
-108 0 0
-586 0 0
-373 0 0
-96 0 0
-166 0 0
-178 0 0
694 0 0
60 0 0
287 0 0
528 0 0
144 0 0
-571 0 0
-530 0 0
986 0 0
430 0 0
-285 0 0
-276 0 0
-192 0 0
93 0 0
-484 0 0
318 0 0
65 0 0
-217 0 0
-277 0 0
-712 0 0
787 0 0
-416 0 0
799 0 0
-912 0 0
-160 0 0
-345 0 0
938 0 0
-531 0 0
-804 0 0
370 0 0
854 0 0
-225 0 0
-640 0 0
841 0 0
170 0 0
-111 0 0
-22 0 0
2 0 0
-301 0 0
355 0 0
185 0 0
146 0 0
161 0 0
926 0 0
899 0 0
805 0 0
942 0 0
-432 0 0
118 0 0
-761 0 0
-361 0 0
-605 0 0
39 0 0
422 0 0
574 0 0
127 0 0
-171 0 0
235 0 0
-942 0 0
-309 0 0
76 0 0
411 0 0
944 0 0
-845 0 0
556 0 0
-526 0 0
732 0 0
-832 0 0
328 0 0
354 0 0
838 0 0
12 0 0
263 0 0
-364 0 0
713 0 0
-738 0 0
-526 0 0
100 0 0
-562 0 0
663 0 0
-368 0 0
-473 0 0
985 0 0
764 0 0
-965 0 0
-880 0 0
938 0 0
800 0 0
-245 0 0
743 0 0
895 0 0
359 0 0
531 0 0
-98 0 0
596 0 0
376 0 0
879 0 0
829 0 0
-524 0 0
-3 0 0
-560 0 0
613 0 0
269 0 0
-50 0 0
-550 0 0
60 0 0
553 0 0
296 0 0
-96 0 0
499 0 0
-270 0 0
-588 0 0
753 0 0
405 0 0
-441 0 0
442 0 0
580 0 0
165 0 0
698 0 0
-106 0 0
-130 0 0
975 0 0
-985 0 0
-467 0 0
166 0 0
-964 0 0
-593 0 0
949 0 0
-428 0 0
-880 0 0
-943 0 0
272 0 0
-274 0 0
177 0 0
-804 0 0
-269 0 0
-692 0 0
-971 0 0
-26 0 0
836 0 0
-619 0 0
400 0 0
-207 0 0
-113 0 0
-16 0 0
381 0 0
691 0 0
-561 0 0
14 0 0
691 0 0
-527 0 0
-363 0 0
-513 0 0
267 0 0
208 0 0
-634 0 0
-439 0 0
-638 0 0
720 0 0
538 0 0
-31 0 0
-868 0 0
741 0 0
608 0 0
