100
879 0 0
-714 0 0
139 0 0
394 0 0
787 0 0
635 0 0
-955 0 0
493 0 0
555 0 0
286 0 0
-652 0 0
376 0 0
702 0 0
716 0 0
-772 0 0
719 0 0
-912 0 0
-197 0 0
-620 0 0
-693 0 0
83 0 0
-75 0 0
-84 0 0
443 0 0
70 0 0
449 0 0
792 0 0
-266 0 0
-120 0 0
157 0 0
741 0 0
-895 0 0
62 0 0
488 0 0
860 0 0
-453 0 0
112 0 0
740 0 0
-969 0 0
683 0 0
-393 0 0
-381 0 0
190 0 0
-901 0 0
795 0 0
968 0 0
-361 0 0
391 0 0
-144 0 0
-155 0 0
-120 0 0
-892 0 0
562 0 0
312 0 0
910 0 0
-818 0 0
-158 0 0
-804 0 0
860 0 0
430 0 0
190 0 0
-153 0 0
-33 0 0
-619 0 0
435 0 0
758 0 0
-676 0 0
314 0 0
-923 0 0
652 0 0
-364 0 0
641 0 0
369 0 0
-331 0 0
-970 0 0
234 0 0
315 0 0
66 0 0
377 0 0
-521 0 0
112 0 0
-607 0 0
430 0 0
276 0 0
165 0 0
187 0 0
-43 0 0
-879 0 0
888 0 0
696 0 0
958 0 0
-178 0 0
-111 0 0
-987 0 0
-17 0 0
567 0 0
-822 0 0
-695 0 0
858 0 0
-521 0 0
-349 0 0
894 0 0
-525 0 0
-679 0 0
72 0 0
832 0 0
-866 0 0
228 0 0
213 0 0
126 0 0
-504 0 0
248 0 0
2 0 0
-283 0 0
523 0 0
961 0 0
-916 0 0
-745 0 0
454 0 0
-784 0 0
337 0 0
-750 0 0
119 0 0
-336 0 0
-45 0 0
-421 0 0
700 0 0
-193 0 0
789 0 0
674 0 0
969 0 0
-562 0 0
-509 0 0
63 0 0
66 0 0
-364 0 0
335 0 0
-715 0 0
425 0 0
839 0 0
378 0 0
-287 0 0
-135 0 0
-700 0 0
909 0 0
-834 0 0
-770 0 0
-399 0 0
-774 0 0
112 0 0
-334 0 0
-125 0 0
-288 0 0
980 0 0
285 0 0
278 0 0
39 0 0
124 0 0
-27 0 0
156 0 0
-878 0 0
-521 0 0
-548 0 0
-703 0 0
-38 0 0
-597 0 0
2 0 0
321 0 0
50 0 0
743 0 0
230 0 0
785 0 0
-117 0 0
322 0 0
-207 0 0
-207 0 0
-142 0 0
442 0 0
437 0 0
444 0 0
-625 0 0
498 0 0
-440 0 0
746 0 0
646 0 0
282 0 0
755 0 0
523 0 0
-990 0 0
263 0 0
262 0 0
-341 0 0
-859 0 0
174 0 0
845 0 0
573 0 0
-606 0 0
906 0 0
906 0 0
-649 0 0
-415 0 0
-722 0 0
473 0 0
836 0 0
168 0 0
-407 0 0
806 0 0
-53 0 0
-409 0 0
183 0 0
-123 0 0
622 0 0
-959 0 0
690 0 0
34 0 0
676 0 0
891 0 0
407 0 0
512 0 0
-778 0 0
312 0 0
444 0 0
293 0 0
68 0 0
-549 0 0
287 0 0
460 0 0
191 0 0
-774 0 0
-636 0 0
121 0 0
-137 0 0
49 0 0
210 0 0
788 0 0
946 0 0
868 0 0
388 0 0
-734 0 0
-434 0 0
876 0 0
-881 0 0
-383 0 0
-931 0 0
361 0 0
18 0 0
694 0 0
-45 0 0
192 0 0
302 0 0
-602 0 0
490 0 0
671 0 0
265 0 0
766 0 0
129 0 0
575 0 0
405 0 0
-860 0 0
807 0 0
147 0 0
926 0 0
292 0 0
-444 0 0
-188 0 0
975 0 0
631 0 0
-807 0 0
-528 0 0
-716 0 0
214 0 0
853 0 0
246 0 0
-446 0 0
351 0 0
-484 0 0
53 0 0
-830 0 0
769 0 0
155 0 0
-528 0 0
-999 0 0
-111 0 0
-255 0 0
663 0 0
-373 0 0
-298 0 0
562 0 0
-877 0 0
-198 0 0
816 0 0
-560 0 0
-923 0 0
562 0 0
219 0 0
295 0 0
-144 0 0
327 0 0
412 0 0
-33 0 0
