100
43
30219998 30219998 30219998 30219998 30219998 30219998 30219998 115938491 115938491 115938491 115938491 448417056 448417056 448417056 448417056 448417056 448417056 31961850 31961850 31961850 31961850 31961850 31961850 31961850 842060794 842060794 842060794 645687579 645687579 645687579 645687579 645687579 645687579 645687579 645687579 627602431 627602431 627602431 627602431 627602431 627602431 627602431 264719803
48
979043389 979043389 979043389 979043389 979043389 979043389 979043389 979043389 979043389 979043389 69463989 69463989 69463989 69463989 656455875 656455875 656455875 656455875 656455875 656455875 656455875 656455875 542866935 542866935 542866935 542866935 542866935 542866935 542866935 542866935 542866935 542866935 87026172 87026172 87026172 87026172 87026172 87026172 87026172 87026172 87026172 603411228 603411228 603411228 603411228 603411228 989004302 989004302
42
317510719 652980566 652980566 652980566 652980566 652980566 652980566 652980566 652980566 652980566 315878837 315878837 315878837 315878837 315878837 315878837 315878837 315878837 679487753 679487753 679487753 679487753 679487753 679487753 679487753 679487753 679487753 679487753 803855023 803855023 803855023 577189314 577189314 689303580 689303580 689303580 689303580 689303580 689303580 686890229 686890229 728095994
45
22541930 22541930 22541930 22541930 22541930 22541930 22541930 22541930 22541930 366872958 366872958 366872958 366872958 455712095 455712095 455712095 455712095 455712095 455712095 455712095 455712095 455712095 799490032 799490032 799490032 86073450 86073450 86073450 86073450 86073450 297714729 297714729 297714729 297714729 42404249 42404249 541465818 541465818 541465818 541465818 541465818 541465818 541465818 541465818 37959817
41
296296014 296296014 296296014 296296014 853918357 853918357 853918357 853918357 853918357 853918357 491076531 491076531 491076531 491076531 491076531 491076531 491076531 491076531 32067059 438329963 438329963 438329963 438329963 438329963 438329963 495902588 495902588 495902588 495902588 495902588 495902588 495902588 495902588 495902588 450534084 450534084 450534084 316056969 316056969 316056969 29151144
47
944106794 944106794 944106794 944106794 944106794 944106794 944106794 383745045 383745045 383745045 383745045 383745045 383745045 383745045 383745045 383745045 212665993 212665993 212665993 212665993 212665993 926206185 80002586 87688233 87688233 87688233 87688233 87688233 87688233 466953178 466953178 466953178 466953178 466953178 466953178 466953178 466953178 777514140 777514140 777514140 777514140 777514140 777514140 777514140 777514140 777514140 622107562
41
432643257 38398269 38398269 38398269 38398269 106584059 106584059 122599000 122599000 122599000 122599000 122599000 122599000 122599000 239042063 239042063 239042063 239042063 239042063 301285273 301285273 301285273 301285273 301285273 301285273 301285273 301285273 429077407 429077407 429077407 429077407 429077407 429077407 429077407 429077407 429077407 429077407 717277317 717277317 717277317 661796029
3
233 233 233
49
947031589 220230166 220230166 220230166 220230166 220230166 220230166 874361146 874361146 874361146 874361146 874361146 874361146 874361146 874361146 874361146 807034990 888776591 888776591 888776591 888776591 888776591 888776591 888776591 888776591 616094244 616094244 799462065 799462065 799462065 799462065 799462065 799462065 799462065 799462065 799462065 799462065 360666442 360666442 360666442 360666442 360666442 387411210 387411210 387411210 387411210 725473101 725473101 147575898
43
701821195 701821195 701821195 701821195 701821195 626360191 626360191 626360191 626360191 626360191 626360191 632549514 621033330 621033330 621033330 621033330 621033330 621033330 528007530 528007530 528007530 528007530 528007530 528007530 528007530 528007530 528007530 528007530 713843657 713843657 713843657 713843657 713843657 713843657 713843657 713843657 624810508 624810508 786284839 997666512 997666512 997666512 600609854
44
792591950 388435499 388435499 388435499 388435499 388435499 342868462 342868462 342868462 342868462 342868462 342868462 342868462 342868462 155543729 155543729 155543729 155543729 155543729 155543729 155543729 155543729 43716967 43716967 43716967 43716967 43716967 43716967 43716967 43716967 43716967 43716967 316409049 316409049 316409049 316409049 316409049 975400192 975400192 975400192 975400192 975400192 975400192 384468523
44
78381288 78381288 78381288 78381288 78381288 78381288 78381288 78381288 78381288 78381288 611891185 611891185 264495808 264495808 264495808 264495808 881128960 881128960 106950934 106950934 106950934 106950934 106950934 106950934 106950934 106950934 995665407 995665407 995665407 995665407 995665407 995665407 995665407 995665407 995665407 271952375 271952375 271952375 271952375 271952375 271952375 493393620 493393620 441594960
47
769448130 769448130 672560588 672560588 672560588 672560588 381381411 381381411 981099753 981099753 981099753 981099753 909261320 909261320 909261320 909261320 909261320 909261320 181299533 181299533 181299533 312224216 312224216 312224216 312224216 312224216 312224216 312224216 312224216 877835461 854757748 307835362 307835362 307835362 307835362 465256189 465256189 465256189 465256189 465256189 465256189 88122540 88122540 88122540 88122540 88122540 88122540
44
113567144 113567144 113567144 113567144 113567144 113567144 113567144 113567144 113567144 33493942 33493942 914013819 914013819 552060411 552060411 552060411 552060411 552060411 96137402 96137402 96137402 96137402 96137402 96137402 96137402 96137402 96137402 96137402 713505756 713505756 713505756 713505756 713505756 713505756 713505756 713505756 713505756 397330378 397330378 397330378 397330378 397330378 397330378 397330378
50
172411135 172411135 172411135 172411135 172411135 172411135 172411135 172411135 172411135 73230943 973049049 973049049 973049049 973049049 973049049 973049049 973049049 973049049 973049049 973049049 100729722 100729722 100729722 100729722 100729722 100729722 100729722 100729722 654667431 654667431 654667431 654667431 654667431 654667431 654667431 654667431 654667431 654667431 186300367 186300367 186300367 186300367 186300367 186300367 186300367 186300367 186300367 186300367 624086065 624086065
50
91799017 91799017 91799017 91799017 91799017 91799017 91799017 91799017 91799017 849476315 849476315 849476315 849476315 849476315 849476315 984414755 984414755 984414755 984414755 984414755 984414755 504954173 504954173 504954173 504954173 504954173 504954173 504954173 504954173 504954173 99504849 99504849 99504849 992077554 899108997 899108997 899108997 899108997 899108997 899108997 899108997 899108997 899108997 973270835 973270835 973270835 973270835 973270835 403815452 573910873
48
169213357 135534863 135534863 135534863 135534863 135534863 135534863 205676428 205676428 205676428 205676428 205676428 205676428 205676428 205676428 494629125 494629125 494629125 494629125 494629125 494629125 494629125 494629125 665972209 665972209 665972209 665972209 665972209 665972209 665972209 665972209 665972209 452070894 452070894 452070894 452070894 452070894 452070894 452070894 280126103 280126103 280126103 619678693 619678693 619678693 619678693 367825144 367825144
47
140161310 314528769 314528769 314528769 314528769 314528769 314528769 314528769 314528769 331905703 331905703 331905703 331905703 331905703 331905703 331905703 288364034 605910119 605910119 605910119 605910119 605910119 605910119 605910119 682231637 682231637 84584563 84584563 84584563 84584563 84584563 84584563 84584563 503063700 503063700 503063700 503063700 503063700 503063700 503063700 503063700 801747935 840762109 840762109 840762109 840762109 231038113
50
172219885 172219885 172219885 962589138 962589138 962589138 962589138 962589138 270964125 270964125 524251703 524251703 524251703 524251703 524251703 524251703 634299541 634299541 56178799 56178799 56178799 56178799 56178799 72593147 925497374 925497374 457310435 457310435 457310435 457310435 457310435 457310435 538864453 538864453 538864453 266451092 266451092 266451092 266451092 837755948 837755948 837755948 837755948 837755948 837755948 837755948 837755948 837755948 837755948 351895716
44
322400404 322400404 322400404 322400404 322400404 322400404 570161303 649492476 649492476 649492476 649492476 649492476 649492476 649492476 528307783 528307783 528307783 528307783 528307783 562459108 562459108 466484709 466484709 466484709 466484709 466484709 901437971 901437971 901437971 901437971 901437971 901437971 969822753 969822753 304924331 304924331 304924331 304924331 304924331 304924331 180855703 180855703 332796694 351007509
43
360356560 360356560 360356560 360356560 360356560 360356560 360356560 360356560 325722750 325722750 325722750 647288167 647288167 647288167 647288167 647288167 647288167 647288167 647288167 647288167 647288167 201777015 201777015 201777015 201777015 201777015 201777015 201777015 201777015 201777015 109967150 109967150 109967150 109967150 109967150 109967150 109967150 109967150 109967150 56217204 56217204 56217204 51102815
44
552398893 552398893 552398893 552398893 552398893 282911088 282911088 282911088 282911088 282911088 282911088 9497830 9497830 9497830 640345321 640345321 640345321 640345321 640345321 640345321 640345321 640345321 640345321 125853690 125853690 125853690 125853690 125853690 125853690 125853690 654243449 654243449 158029797 148898474 148898474 148898474 148898474 148898474 8045129 8045129 8045129 8045129 8045129 66406162
44
937696822 937696822 937696822 671279636 671279636 671279636 671279636 671279636 671279636 671279636 671279636 671279636 671279636 600878670 600878670 600878670 600878670 600878670 600878670 600878670 660247476 660247476 660247476 660247476 660247476 660247476 660247476 660247476 660247476 288084104 288084104 288084104 288084104 13781204 13781204 13781204 321832519 321832519 321832519 321832519 321832519 321832519 321832519 592454275
45
376375740 376375740 376375740 912209335 912209335 912209335 912209335 912209335 912209335 912209335 912209335 912209335 344830291 677611887 677611887 677611887 677611887 677611887 677611887 79667551 79667551 361029485 361029485 361029485 361029485 361029485 361029485 576239483 576239483 576239483 576239483 576239483 330229044 330229044 330229044 330229044 330229044 330229044 330229044 330229044 330229044 312545916 148199346 148199346 148199346
47
72713851 72713851 657964240 657964240 657964240 657964240 657964240 657964240 657964240 657964240 657964240 688020119 688020119 688020119 688020119 688020119 688020119 680118788 680118788 680118788 680118788 680118788 680118788 680118788 680118788 24238973 181368716 181368716 181368716 181368716 181368716 181368716 181368716 484301364 484301364 484301364 484301364 484301364 484301364 484301364 484301364 484301364 484301364 198920668 277924687 277924687 277924687
41
774837036 448561413 448561413 448561413 448561413 448561413 448561413 448561413 448561413 448561413 665553805 665553805 67834748 67834748 67834748 777946961 777946961 459169812 459169812 459169812 459169812 459169812 127469351 127469351 127469351 127469351 127469351 127469351 127469351 127469351 127469351 127469351 585768687 585768687 585768687 585768687 219731071 219731071 219731071 219731071 219731071
1
233
49
188401023 188401023 188401023 188401023 188401023 907675297 907675297 907675297 907675297 205248778 205248778 205248778 205248778 205248778 205248778 205248778 205248778 629545045 629545045 629545045 629545045 629545045 629545045 629545045 629545045 629545045 629545045 645713103 645713103 645713103 625840427 625840427 625840427 625840427 625840427 113450125 113450125 113450125 113450125 113450125 113450125 113450125 113450125 113450125 398547035 359869412 359869412 359869412 22235448
44
80433310 80433310 129790115 129790115 129790115 129790115 697893133 697893133 697893133 697893133 568482513 568482513 301606573 301606573 301606573 301606573 301606573 301606573 301606573 174287703 174287703 174287703 174287703 174287703 174287703 174287703 174287703 174287703 174287703 744824899 744824899 744824899 744824899 744824899 407777362 166643729 166643729 166643729 166643729 166643729 166643729 166643729 386366891 549731862
4
2 2 3 3
44
431853 431853 431853 431853 431853 431853 602425313 373000974 373000974 373000974 992380462 992380462 992380462 992380462 992380462 992380462 649579121 14096515 14096515 14096515 14096515 161559958 161559958 161559958 161559958 161559958 761106266 761106266 761106266 761106266 761106266 761106266 761106266 761106266 439089054 310540440 310540440 310540440 452124848 452124848 452124848 452124848 17651819 17651819
40
357439815 357439815 357439815 357439815 357439815 357439815 357439815 357439815 40068415 40068415 40068415 40068415 40068415 40068415 40068415 40068415 40068415 40068415 154742058 507412498 507412498 114622517 114622517 114622517 114622517 114622517 114622517 114622517 114622517 825269168 825269168 825269168 825269168 825269168 825269168 366881627 366881627 366881627 366881627 366881627
45
285884214 285884214 285884214 285884214 285884214 285884214 285884214 285884214 683791897 683791897 6076447 6076447 6076447 881233065 881233065 881233065 336774906 336774906 336774906 336774906 336774906 336774906 336774906 336774906 274355431 274355431 274355431 274355431 480578883 480578883 480578883 480578883 480578883 480578883 480578883 480578883 480578883 480578883 570728171 570728171 739675942 767998920 767998920 75628371 75628371
50
967635410 967635410 967635410 967635410 967635410 253424445 253424445 253424445 253424445 599372512 599372512 599372512 599372512 599372512 28463143 28463143 28463143 28463143 28463143 571638321 571638321 571638321 571638321 571638321 571638321 571638321 571638321 571638321 954257906 954257906 954257906 954257906 954257906 954257906 954257906 954257906 894419481 894419481 894419481 894419481 894419481 757639686 757639686 757639686 757639686 757639686 527611923 527611923 527611923 527611923
43
717434109 717434109 717434109 717434109 717434109 717434109 717434109 905369269 905369269 905369269 905369269 905369269 215549779 215549779 215549779 215549779 215549779 215549779 215549779 215549779 215549779 866065307 866065307 866065307 866065307 866065307 504347171 504347171 504347171 504347171 504347171 504347171 504347171 504347171 504347171 684883138 684883138 209597902 209597902 209597902 236470386 236470386 236470386
4
1 5 3 1
42
836391275 836391275 836391275 836391275 836391275 836391275 383752953 383752953 383752953 383752953 383752953 122244353 122244353 122244353 122244353 122244353 122244353 122244353 392262118 392262118 392262118 392262118 392262118 392262118 392262118 392262118 392262118 392262118 185737715 185737715 185737715 185737715 185737715 185737715 185737715 185737715 185737715 185737715 791640493 791640493 572288201 708938532
46
378141008 378141008 378141008 378141008 378141008 378141008 378141008 378141008 378141008 378141008 578248050 578248050 578248050 578248050 578248050 578248050 578248050 578248050 578248050 578248050 312056625 312056625 312056625 312056625 312056625 312056625 158706175 158706175 158706175 158706175 158706175 158706175 158706175 158706175 158706175 158706175 939037961 939037961 939037961 939037961 939037961 939037961 939037961 939037961 23542752 23542752
49
417823255 417823255 417823255 417823255 417823255 902963798 902963798 279967402 233888904 233888904 233888904 233888904 233888904 233888904 116918775 540563102 540563102 540563102 540563102 540563102 540563102 540563102 540563102 642553579 642553579 642553579 642553579 642553579 642553579 73691515 73691515 73691515 606865902 606865902 197759005 197759005 197759005 197759005 197759005 644424844 644424844 644424844 644424844 644424844 856699107 856699107 856699107 856699107 671754276
41
813833583 813833583 813833583 813833583 813833583 813833583 813833583 594495107 594495107 594495107 594495107 594495107 594495107 594495107 594495107 594495107 594495107 695997236 695997236 695997236 695997236 695997236 136503812 136503812 136503812 136503812 136503812 136503812 898034466 898034466 898034466 898034466 898034466 898034466 898034466 898034466 898034466 566275287 857227607 567053136 567053136
47
396027758 776749518 41076345 41076345 41076345 41076345 41076345 41076345 562166762 562166762 562166762 562166762 562166762 562166762 769258463 769258463 769258463 769258463 769258463 769258463 769258463 283691388 283691388 283691388 283691388 350968709 847753565 847753565 847753565 847753565 847753565 123693236 123693236 123693236 123693236 123693236 123693236 123693236 123693236 123693236 58263912 58263912 88620222 88620222 124889801 144186523 144186523
46
418374777 418374777 418374777 418374777 418374777 418374777 418374777 418374777 418374777 418374777 222405150 222405150 222405150 222405150 222405150 222405150 835097988 835097988 835097988 835097988 230181985 230181985 230181985 230181985 230181985 657102514 657102514 657102514 657102514 657102514 910857230 392013010 392013010 392013010 392013010 392013010 392013010 392013010 392013010 392013010 392013010 948568580 948568580 948568580 934494591 934494591
42
652746361 652746361 652746361 652746361 652746361 652746361 652746361 652746361 652746361 652746361 950693946 950693946 950693946 950693946 950693946 950693946 950693946 998865019 504947989 504947989 504947989 504947989 504947989 504947989 504947989 504947989 504947989 504947989 831195335 831195335 831195335 831195335 831195335 831195335 624987647 605805108 418797613 418797613 28684500 28684500 28684500 635149425
42
146152792 146152792 146152792 146152792 146152792 146152792 146152792 146152792 43917649 43917649 43917649 43917649 43917649 43917649 107326748 107326748 179583592 179583592 179583592 174660403 174660403 174660403 174660403 174660403 518051736 518051736 518051736 518051736 518051736 518051736 770185247 770185247 770185247 770185247 770185247 770185247 770185247 770185247 770185247 869520882 869520882 869520882
41
607021310 607021310 607021310 607021310 211215809 211215809 211215809 211215809 211215809 211215809 755735894 755735894 755735894 755735894 151338480 151338480 151338480 151338480 151338480 915726665 915726665 915726665 333804374 333804374 333804374 333804374 333804374 333804374 333804374 333804374 333804374 497218837 497218837 497218837 497218837 497218837 497218837 497218837 336653220 336653220 336653220
48
521440189 521440189 521440189 521440189 659869303 659869303 659869303 659869303 659869303 659869303 659869303 659869303 659869303 659869303 317465821 317465821 317465821 317465821 317465821 317465821 317465821 317465821 317465821 987683658 987683658 62601570 62601570 62601570 62601570 62601570 62601570 62601570 62601570 62601570 62601570 985479745 985479745 985479745 985479745 985479745 640669696 640669696 640669696 640669696 640669696 312452229 117026807 117026807
48
124792591 124792591 124792591 812132974 812132974 812132974 812132974 812132974 660920880 660920880 732229212 732229212 732229212 732229212 732229212 732229212 732229212 732229212 732229212 732229212 138447167 138447167 138447167 138447167 138447167 138447167 138447167 138447167 260949035 260949035 260949035 260949035 260949035 260949035 889686399 889686399 115932446 115932446 115932446 115932446 115932446 778254573 778254573 778254573 298143504 298143504 298143504 298143504
48
478494785 478494785 696188810 696188810 696188810 696188810 696188810 696188810 68624363 68624363 68624363 68624363 68624363 68624363 68624363 68624363 68624363 68624363 354717780 354717780 354717780 354717780 354717780 354717780 354717780 354717780 354717780 54110395 13886094 13886094 13886094 13886094 13886094 13886094 13886094 13886094 13886094 857453601 56479264 56479264 56479264 56479264 56479264 56479264 56479264 56479264 56479264 738170448
48
273651619 273651619 273651619 38933700 38933700 93858676 20783044 20783044 20783044 20783044 20783044 20783044 20783044 20783044 110204602 110204602 110204602 110204602 110204602 110204602 110204602 110204602 186487043 186487043 186487043 186487043 186487043 837637680 837637680 837637680 837637680 837637680 837637680 837637680 516568619 516568619 516568619 516568619 516568619 841720660 841720660 841720660 841720660 841720660 841720660 841720660 117814447 117814447
47
596305470 596305470 596305470 596305470 596305470 596305470 380926511 380926511 380926511 380926511 406020698 406020698 406020698 406020698 128485582 128485582 128485582 128485582 128485582 128485582 128485582 158456552 158456552 158456552 158456552 158456552 158456552 158456552 952312711 952312711 952312711 952312711 952312711 376178521 376178521 376178521 376178521 376178521 376178521 376178521 27228839 27228839 27228839 508461867 508461867 508461867 508461867
40
830759075 830759075 830759075 830759075 467480280 467480280 467480280 467480280 67502461 440373053 440373053 440373053 440373053 744833357 744833357 744833357 744833357 744833357 744833357 744833357 378151290 13595186 13595186 13595186 13595186 943243947 943243947 943243947 943243947 943243947 943243947 949719587 949719587 949719587 345122703 345122703 345122703 205902183 205902183 722203603
49
375947798 375947798 375947798 375947798 997776818 997776818 997776818 997776818 997776818 301489711 301489711 301489711 301489711 301489711 301489711 301489711 873725492 873725492 873725492 411684600 411684600 411684600 309559687 309559687 309559687 309559687 309559687 309559687 383686860 383686860 383686860 383686860 383686860 383686860 383686860 383686860 641817377 641817377 641817377 615883655 615883655 615883655 615883655 615883655 615883655 615883655 615883655 393355542 393355542
41
471278017 471278017 471278017 471278017 471278017 471278017 471278017 471278017 471278017 829239974 829239974 829239974 829239974 829239974 54602029 917702888 917702888 917702888 917702888 917702888 917702888 123604724 123604724 123604724 123604724 123604724 123604724 123604724 123604724 123604724 123604724 154595451 154595451 154595451 154595451 154595451 154595451 154595451 154595451 154595451 154595451
41
376649089 816613602 816613602 816613602 816613602 816613602 816613602 816613602 816613602 807130547 807130547 807130547 807130547 807130547 807130547 807130547 807130547 948707644 948707644 948707644 948707644 948707644 948707644 948707644 948707644 948707644 948707644 33817989 33817989 33817989 33817989 33817989 33817989 33817989 33817989 33817989 699294028 699294028 699294028 699294028 699294028
43
960464109 439028264 439028264 199624072 199624072 199624072 199624072 199624072 535540975 535540975 535540975 535540975 535540975 535540975 303676934 303676934 303676934 303676934 303676934 303676934 303676934 590025716 590025716 590025716 590025716 590025716 590025716 843677105 843677105 843677105 843677105 843677105 843677105 943841680 943841680 943841680 943841680 943841680 943841680 722223034 133349064 133349064 64002956
42
150698532 150698532 609860223 609860223 609860223 609860223 609860223 609860223 609860223 609860223 609860223 609860223 589474304 589474304 589474304 589474304 589474304 589474304 263877484 263877484 263877484 263877484 263877484 263877484 263877484 263877484 263877484 758256757 609824303 609824303 609824303 609824303 609824303 609824303 609824303 609824303 609824303 341624110 341624110 341624110 341624110 782645404
40
120255018 120255018 120255018 120255018 120255018 120255018 120255018 15890915 15890915 15890915 15890915 15890915 15890915 15890915 15890915 574919373 574919373 574919373 574919373 283703334 283703334 283703334 283703334 283703334 283703334 283703334 283703334 283703334 759561569 192115484 192115484 248340506 248340506 248340506 47985778 47985778 47985778 47985778 47985778 624463540
42
376111916 376111916 376111916 376111916 376111916 376111916 376111916 33605966 33605966 33605966 33605966 33605966 33605966 584866482 584866482 584866482 584866482 584866482 584866482 584866482 584866482 584866482 793842615 793842615 793842615 793842615 793842615 793842615 793842615 793842615 956958285 956958285 956958285 956958285 956958285 956958285 102650470 102650470 102650470 102650470 102650470 102650470
44
671540215 671540215 898512272 898512272 898512272 898512272 30484553 30484553 30484553 30484553 30484553 345302169 345302169 345302169 345302169 345302169 345302169 132176131 132176131 132176131 132176131 132176131 132176131 25097648 25097648 25097648 25097648 25097648 25097648 25097648 655431324 478477745 434890328 434890328 434890328 434890328 402246376 402246376 402246376 402246376 402246376 402246376 402246376 402246376
50
671022631 671022631 671022631 671022631 671022631 671022631 671022631 671022631 61910757 61910757 61910757 61910757 61910757 61910757 61910757 61910757 61910757 61910757 248336789 248336789 248336789 248336789 248336789 248336789 248336789 12001392 12001392 102289589 102289589 102289589 102289589 102289589 750678220 750678220 750678220 750678220 903552258 903552258 903552258 903552258 903552258 903552258 903552258 745063099 745063099 745063099 745063099 745063099 745063099 659261870
49
547408756 547408756 976858892 976858892 976858892 976858892 976858892 976858892 976858892 976858892 976858892 976858892 344129452 344129452 344129452 344129452 344129452 344129452 344129452 344129452 285795332 285795332 285795332 285795332 285795332 285795332 285795332 285795332 285795332 285795332 662475828 662475828 982250883 982250883 982250883 982250883 982250883 982250883 982250883 982250883 982250883 982250883 901155469 901155469 901155469 901155469 901155469 255062427 255062427
44
455937387 455937387 455937387 686610892 686610892 686610892 686610892 957817684 957817684 957817684 957817684 957817684 957817684 474322269 474322269 474322269 474322269 474322269 474322269 928026040 928026040 928026040 928026040 928026040 928026040 928026040 928026040 928026040 885621811 885621811 885621811 885621811 445418707 445418707 445418707 445418707 445418707 895827180 895827180 895827180 895827180 349144113 349144113 117801405
45
381797495 381797495 381797495 381797495 381797495 381797495 381797495 381797495 135465968 135465968 135465968 135465968 135465968 135465968 102183377 102183377 102183377 102183377 102183377 102183377 102183377 102183377 102183377 102183377 358253883 684781491 684781491 147472999 261777015 261777015 261777015 261777015 261777015 261777015 261777015 261777015 261777015 234153999 234153999 234153999 234153999 234153999 310698416 310698416 124024468
43
580596883 580596883 580596883 580596883 580596883 412684816 412684816 361063771 361063771 361063771 361063771 639653637 639653637 446752787 446752787 446752787 446752787 446752787 446752787 856335823 856335823 856335823 856335823 856335823 906249051 906249051 906249051 906249051 906249051 906249051 906249051 906249051 906249051 990435082 990435082 990435082 990435082 990435082 990435082 32095139 32095139 32095139 256634051
5
2 3 3 4 3
50
986349478 986349478 986349478 986349478 120779985 120779985 120779985 120779985 120779985 120779985 120779985 120779985 120779985 120779985 192794925 192794925 192794925 192794925 192794925 894980537 894980537 894980537 894980537 894980537 894980537 552668387 574387367 574387367 574387367 45814463 45814463 45814463 45814463 45814463 45814463 45814463 45814463 45814463 45814463 690828448 690828448 690828448 690828448 690828448 690828448 690828448 690828448 326774421 326774421 326774421
43
140165499 140165499 140165499 140165499 140165499 27942397 27942397 27942397 27942397 27942397 27942397 27942397 174679384 174679384 509358782 509358782 898168595 898168595 898168595 898168595 898168595 898168595 898168595 898168595 672673722 672673722 672673722 672673722 672673722 672673722 672673722 672673722 672673722 167422863 167422863 167422863 167422863 167422863 167422863 167422863 153153930 153153930 153153930
43
86231554 86231554 86231554 86231554 261219926 261219926 261219926 261219926 261219926 261219926 261219926 845678938 845678938 30050415 30050415 30050415 908909411 908909411 908909411 908909411 908909411 908909411 908909411 908909411 908909411 729957802 729957802 729957802 94898377 94898377 94898377 94898377 252137008 6414997 6414997 6414997 6414997 6414997 6414997 6414997 6414997 6414997 528848900
47
519377915 931925674 931925674 931925674 856785266 856785266 856785266 800146577 800146577 800146577 800146577 800146577 800146577 800146577 800146577 800146577 800146577 24327987 24327987 24327987 24327987 24327987 24327987 24327987 24327987 24327987 617958380 707337607 597717085 597717085 597717085 597717085 597717085 827566489 827566489 827566489 827566489 827566489 827566489 827566489 827566489 827566489 827566489 76522214 126125193 126125193 126125193
47
906208982 906208982 906208982 906208982 906208982 906208982 906208982 242196671 242196671 242196671 242196671 242196671 242196671 24998077 24998077 24998077 24998077 24998077 24998077 24998077 801160824 714714463 714714463 714714463 714714463 714714463 714714463 714714463 714714463 167897709 618470061 80049396 80049396 80049396 80049396 80049396 80049396 80049396 80049396 80049396 256441175 256441175 256441175 256441175 736397110 553724786 553724786
48
290941014 290941014 290941014 290941014 290941014 290941014 124802034 124802034 124802034 124802034 124802034 124802034 645651974 645651974 645651974 645651974 645651974 600997216 600997216 600997216 600997216 600997216 600997216 600997216 600997216 600997216 84558638 84558638 84558638 84558638 84558638 84558638 84558638 835151275 835151275 904448198 904448198 904448198 826853745 826853745 826853745 826853745 826853745 826853745 826853745 826853745 296317482 296317482
47
23646309 23646309 23646309 23646309 32474942 32474942 32474942 32474942 32474942 883491112 883491112 883491112 883491112 883491112 883491112 883491112 883491112 178902210 178902210 630851643 630851643 630851643 630851643 630851643 630851643 630851643 630851643 630851643 139996935 139996935 139996935 139996935 139996935 139996935 831207126 831207126 831207126 831207126 389968580 389968580 389968580 389968580 389968580 389968580 389968580 389968580 389968580
40
769669580 769669580 769669580 769669580 219836969 219836969 219836969 219836969 708318931 708318931 708318931 708318931 708318931 708318931 708318931 708318931 677231759 677231759 677231759 677231759 677231759 677231759 571225729 571225729 571225729 571225729 571225729 97790125 97790125 97790125 97790125 608112977 471619958 471619958 471619958 471619958 471619958 471619958 471619958 544174524
42
450371870 450371870 215222617 215222617 215222617 215222617 215222617 215222617 215222617 215222617 215222617 891367908 891367908 891367908 891367908 891367908 891367908 891367908 479915776 479915776 479915776 479915776 479915776 479915776 479915776 869696307 869696307 869696307 869696307 869696307 869696307 869696307 57061067 57061067 57061067 57061067 57061067 57061067 221921881 221921881 221921881 573923629
44
696748831 696748831 696748831 696748831 696748831 696748831 696748831 696748831 696748831 359591623 359591623 359591623 359591623 359591623 359591623 359591623 359591623 359591623 452333301 452333301 452333301 452333301 452333301 452333301 452333301 953488651 953488651 953488651 953488651 953488651 644913342 644913342 644913342 644913342 644913342 733513589 733513589 733513589 733513589 733513589 733513589 733513589 733513589 986795218
41
578932354 578932354 578932354 578932354 578932354 578932354 578932354 578932354 578932354 718911765 718911765 718911765 402744242 402744242 402744242 402744242 402744242 402744242 402744242 766021306 766021306 766021306 766021306 766021306 202911038 202911038 202911038 202911038 202911038 202911038 202911038 467658539 467658539 467658539 467658539 467658539 593368114 593368114 487943253 701229188 701229188
40
479022258 479022258 479022258 479022258 479022258 479022258 479022258 951798421 951798421 550230099 550230099 550230099 550230099 550230099 550230099 550230099 550230099 550230099 309821391 309821391 309821391 309821391 309821391 309821391 309821391 309821391 309821391 665378413 762343477 762343477 881195599 881195599 881195599 881195599 881195599 881195599 881195599 881195599 54513920 109012154
8
3 4 1 4 2 5 3 1
44
792531051 792531051 792531051 245195425 245195425 245195425 245195425 123374529 123374529 123374529 123374529 123374529 691176685 641270234 641270234 641270234 641270234 641270234 641270234 641270234 641270234 641270234 785869977 785869977 785869977 785869977 785869977 785869977 785869977 145159183 145159183 145159183 145159183 145159183 145159183 145159183 786250831 786250831 786250831 786250831 786250831 786250831 786250831 786250831
44
700179007 700179007 700179007 700179007 700179007 552561559 552561559 552561559 552561559 552561559 86561245 256616162 551728126 551728126 551728126 551728126 551728126 551728126 551728126 551728126 551728126 251086743 251086743 251086743 251086743 251086743 66794775 66794775 66794775 66794775 66794775 66794775 66794775 66794775 66794775 271690197 271690197 271690197 271690197 271690197 271690197 271690197 271690197 122459971
49
310876329 310876329 310876329 310876329 310876329 310876329 310876329 310876329 310876329 310876329 769434655 769434655 769434655 769434655 769434655 769434655 836201811 836201811 836201811 836201811 836201811 718869475 718869475 718869475 718869475 718869475 718869475 718869475 718869475 718869475 718869475 6702573 6702573 6702573 6702573 6702573 6702573 6702573 6702573 6702573 6702573 256731569 256731569 256731569 256731569 256731569 455235015 455235015 490824057
46
5356613 5356613 5356613 5356613 167037802 167037802 167037802 167037802 167037802 167037802 167037802 167037802 167037802 167037802 960829634 960829634 960829634 960829634 960829634 960829634 960829634 960829634 960829634 713593759 713593759 713593759 713593759 713593759 476280446 476280446 476280446 476280446 476280446 476280446 476280446 163785416 163785416 163785416 163785416 163785416 75554412 75554412 75554412 75554412 75554412 75554412
48
426957844 426957844 426957844 988558850 988558850 988558850 988558850 988558850 988558850 988558850 988558850 653004414 653004414 653004414 653004414 653004414 653004414 653004414 653004414 653004414 383827996 383827996 383827996 383827996 383827996 383827996 383827996 383827996 383827996 383827996 131419298 131419298 131419298 131419298 131419298 335844345 335844345 335844345 335844345 445219244 445219244 445219244 445219244 445219244 445219244 445219244 597620736 521705364
49
481205400 481205400 481205400 149632969 149632969 376059556 893122626 893122626 893122626 893122626 893122626 893122626 893122626 278303752 278303752 278303752 278303752 278303752 399457291 399457291 953214061 953214061 953214061 953214061 953214061 953214061 953214061 808911151 808911151 79674423 79674423 79674423 79674423 79674423 79674423 79674423 79674423 929117033 929117033 929117033 929117033 929117033 929117033 929117033 306033134 306033134 306033134 306033134 589523599
43
83163433 83163433 83163433 83163433 83163433 83163433 83163433 481402295 481402295 613500485 613500485 613500485 122758656 122758656 122758656 122758656 122758656 122758656 122758656 122758656 122758656 122758656 754448961 754448961 754448961 754448961 754448961 754448961 754448961 754448961 754448961 754448961 641062275 641062275 641062275 641062275 641062275 641062275 641062275 641062275 641062275 292574609 292574609
46
821590531 821590531 821590531 821590531 821590531 821590531 821590531 821590531 735870285 735870285 735870285 735870285 735870285 567084918 750307996 750307996 750307996 84622759 84622759 84622759 84622759 84622759 84622759 84622759 84622759 84622759 84622759 193219646 193219646 717224495 717224495 356405031 356405031 356405031 356405031 356405031 356405031 489813779 489813779 489813779 489813779 489813779 489813779 489813779 489813779 607447548
44
191207285 191207285 191207285 191207285 191207285 191207285 191207285 191207285 864803947 864803947 864803947 864803947 864803947 864803947 864803947 864803947 864803947 864803947 363424986 363424986 363424986 398572677 398572677 398572677 398572677 398572677 398572677 398572677 584404073 584404073 584404073 379206586 379206586 379206586 379206586 379206586 379206586 379206586 379206586 379206586 688398809 688398809 688398809 401347139
41
653206128 653206128 653206128 653206128 548603811 548603811 548603811 548603811 548603811 548603811 548603811 548603811 548603811 880430506 880430506 880430506 880430506 880430506 880430506 880430506 880430506 880430506 919538666 919538666 919538666 919538666 919538666 919538666 641030546 641030546 641030546 641030546 641030546 641030546 641030546 641030546 641030546 708729588 344328808 574956743 574956743
49
988400693 988400693 988400693 204487941 204487941 204487941 204487941 204487941 399512443 142120986 142120986 142120986 142120986 142120986 142120986 215547590 215547590 215547590 215547590 215547590 215547590 215547590 215547590 420627105 420627105 420627105 420627105 420627105 420627105 420627105 981757718 981757718 981757718 981757718 981757718 981757718 981757718 981757718 981757718 981757718 807546302 807546302 807546302 807546302 807546302 807546302 807546302 953695722 953695722
45
730584496 730584496 730584496 90145250 90145250 90145250 90145250 90145250 90145250 90145250 90145250 90145250 90145250 784488408 784488408 784488408 784488408 784488408 784488408 784488408 784488408 477470852 477470852 477470852 477470852 477470852 477470852 477470852 477470852 477470852 574615769 574615769 574615769 269586608 269586608 3753960 3753960 3753960 116995052 116995052 80505836 610060536 8033894 435194740 435194740
42
56466201 56466201 56466201 56466201 56466201 710449623 710449623 710449623 710449623 710449623 710449623 710449623 710449623 710449623 710449623 862418928 862418928 862418928 862418928 862418928 862418928 862418928 862418928 862418928 862418928 739330261 739330261 488393950 488393950 488393950 488393950 488393950 488393950 488393950 488393950 488393950 488393950 258486242 495504388 495504388 495504388 495504388
40
901450246 901450246 901450246 901450246 901450246 901450246 901450246 901450246 901450246 901450246 430925363 430925363 430925363 430925363 430925363 430925363 344967091 344967091 344967091 344967091 344967091 344967091 968796050 968796050 968796050 34519063 34519063 34519063 34519063 34519063 34519063 34519063 927029669 927029669 927029669 927029669 927029669 927029669 69846660 69846660
41
187914030 187914030 187914030 187914030 187914030 187914030 187914030 70665621 70665621 70665621 70665621 475380062 475380062 475380062 475380062 170267720 170267720 170267720 170267720 170267720 170267720 170267720 170267720 170267720 170267720 812992777 812992777 812992777 812992777 812992777 812992777 156093364 215978536 43796015 43796015 43796015 43796015 520685397 520685397 520685397 520685397
48
779269891 779269891 779269891 779269891 779269891 779269891 779269891 779269891 779269891 779269891 60715815 60715815 60715815 60715815 60715815 60715815 60715815 60715815 60715815 953960195 953960195 953960195 953960195 953960195 953960195 953960195 953960195 953960195 603815698 603815698 603815698 603815698 603815698 603815698 603815698 7537720 7537720 7537720 7537720 7537720 7537720 7537720 7537720 7537720 7537720 57632213 57632213 461123387
41
572294560 572294560 572294560 572294560 572294560 572294560 572294560 572294560 497943560 824763998 824763998 824763998 824763998 824763998 824763998 824763998 824763998 824763998 824763998 381386141 381386141 381386141 381386141 381386141 381386141 381386141 381386141 381386141 381386141 97833814 97833814 97833814 423185629 423185629 464693096 464693096 464693096 628240009 628240009 628240009 363577274
43
256217894 256217894 192674894 192674894 192674894 192674894 192674894 192674894 192674894 694368394 694368394 694368394 694368394 694368394 694368394 694368394 694368394 668182489 465881753 465881753 465881753 465881753 541714832 541714832 541714832 541714832 519250685 519250685 519250685 519250685 519250685 519250685 519250685 519250685 519250685 119894156 119894156 119894156 119894156 178674468 495105121 495105121 495105121
43
272091955 272091955 272091955 272091955 763506697 763506697 763506697 763506697 780112120 780112120 780112120 695938397 840572669 840572669 840572669 854227944 854227944 959759432 959759432 407057130 464957527 464957527 525578091 525578091 525578091 525578091 525578091 525578091 525578091 525578091 525578091 109355233 109355233 109355233 109355233 109355233 109355233 109355233 109355233 109355233 769426815 769426815 687386824
50
836024917 836024917 836024917 836024917 836024917 535580798 535580798 535580798 145903267 145903267 145903267 145903267 145903267 145903267 145903267 145903267 145903267 145903267 308639664 308639664 308639664 308639664 750132258 750132258 750132258 750132258 750132258 750132258 720893819 720893819 720893819 720893819 720893819 720893819 432037229 432037229 432037229 432037229 432037229 749640051 749640051 749640051 749640051 749640051 749640051 749640051 749640051 708052660 708052660 350155374
47
966155218 966155218 966155218 966155218 966155218 966155218 966155218 966155218 966155218 884712704 884712704 956183246 956183246 956183246 956183246 956183246 956183246 956183246 956183246 956183246 61553733 61553733 61553733 61553733 61553733 61553733 61553733 61553733 95227466 95227466 95227466 95227466 676686815 516545189 516545189 516545189 516545189 516545189 788209797 788209797 788209797 788209797 788209797 788209797 788209797 788209797 788209797
46
242975465 242975465 92717213 92717213 92717213 92717213 92717213 92717213 69745628 69745628 69745628 69745628 69745628 69745628 69745628 69745628 69745628 69745628 970306672 970306672 970306672 970306672 970306672 970306672 970306672 970306672 970306672 970306672 255422990 255422990 723525521 723525521 542422013 542422013 25524639 25524639 25524639 781256797 781256797 632696886 632696886 632696886 632696886 135792860 135792860 135792860
