100
46
479975153 479975153 912096930 912096930 912096930 912096930 912096930 912096930 912096930 912096930 912096930 912096930 918027058 918027058 918027058 918027058 918027058 918027058 918027058 918027058 688758398 688758398 688758398 28094291 28094291 28094291 28094291 28094291 28094291 28094291 28094291 28094291 28094291 758168112 758168112 758168112 758168112 758168112 758168112 758168112 758168112 3564873 3564873 3564873 3564873 336545678
43
771737357 771737357 771737357 771737357 771737357 771737357 771737357 771737357 771737357 122710558 122710558 122710558 656949879 656949879 656949879 656949879 656949879 656949879 656949879 656949879 656949879 343572852 343572852 343572852 343572852 269766498 269766498 269766498 522548664 522548664 349889454 349889454 349889454 349889454 349889454 243945330 243945330 243945330 243945330 243945330 575097811 575097811 575097811
46
35638270 35638270 35638270 35638270 35638270 35638270 35638270 35638270 35638270 892016977 892016977 892016977 892016977 892016977 892016977 892016977 892016977 203782847 203782847 203782847 203782847 695842261 695842261 695842261 695842261 695842261 695842261 129977898 129977898 129977898 129977898 129977898 129977898 129977898 276824008 276824008 276824008 276824008 276824008 276824008 138714268 138714268 138714268 138714268 138714268 554024784
45
599040350 599040350 599040350 599040350 242328183 242328183 242328183 390216709 390216709 390216709 390216709 390216709 257779654 257779654 257779654 257779654 257779654 257779654 402708919 402708919 402708919 402708919 402708919 281712817 281712817 281712817 281712817 281712817 281712817 281712817 281712817 281712817 281712817 733495105 733495105 733495105 733495105 733495105 733495105 733495105 733495105 802537560 802537560 802537560 712517449
49
540449283 540449283 40188808 40188808 40188808 40188808 40188808 40188808 932109877 932109877 932109877 932109877 932109877 932109877 932109877 241244795 241244795 366348695 366348695 366348695 366348695 366348695 20416695 20416695 20416695 20416695 20416695 20416695 422173727 422173727 422173727 422173727 422173727 422173727 422173727 422173727 422173727 31047104 31047104 904419951 904419951 904419951 904419951 904419951 904419951 904419951 904419951 904419951 279188488
50
329218090 329218090 790394425 790394425 790394425 790394425 790394425 790394425 863194671 863194671 863194671 863194671 863194671 863194671 863194671 144002430 144002430 536534007 536534007 536534007 536534007 536534007 536534007 536534007 536534007 536534007 536534007 732623370 732623370 732623370 732623370 732623370 217470431 217470431 217470431 602523481 602523481 602523481 972184886 972184886 972184886 972184886 972184886 972184886 692412445 952778002 751252465 751252465 267407311 9484058
45
400595142 400595142 400595142 400595142 43601445 43601445 43601445 43601445 102002814 102002814 102002814 102002814 102002814 102002814 5433118 5433118 5433118 5433118 5433118 5433118 5433118 5433118 5433118 5433118 210463740 210463740 210463740 210463740 210463740 210463740 210463740 210463740 836722849 836722849 836722849 836722849 836722849 467614320 467614320 467614320 467614320 467614320 467614320 467614320 521323512
49
749736378 749736378 749736378 410911796 298882416 298882416 298882416 298882416 298882416 298882416 298882416 298882416 911242633 911242633 911242633 911242633 911242633 911242633 911242633 911242633 270042316 270042316 270042316 270042316 270042316 774010015 79821374 79821374 79821374 79821374 79821374 79821374 260028764 260028764 260028764 260028764 260028764 260028764 260028764 260028764 260028764 444601510 924182283 924182283 924182283 924182283 924182283 924182283 983855174
47
885406231 885406231 885406231 885406231 885406231 885406231 885406231 888151856 888151856 888151856 888151856 888151856 888151856 888151856 888151856 888151856 956820271 956820271 956820271 956820271 956820271 956820271 956820271 414257546 414257546 414257546 414257546 414257546 414257546 414257546 318702014 318702014 64763103 64763103 64763103 64763103 64763103 64763103 64763103 64763103 64763103 64763103 861041731 861041731 257338601 736874955 736874955
47
414534359 414534359 414534359 414534359 414534359 414534359 795023889 795023889 795023889 795023889 795023889 795023889 795023889 795023889 865420534 865420534 865420534 865420534 865420534 831117955 831117955 831117955 317798153 317798153 317798153 317798153 317798153 317798153 317798153 317798153 317798153 779491022 779491022 779491022 227366036 227366036 227366036 724258621 724258621 724258621 724258621 724258621 724258621 724258621 724258621 724258621 724258621
43
543890735 543890735 630993218 650112450 650112450 650112450 517061209 517061209 517061209 347083013 347083013 347083013 347083013 347083013 347083013 374851855 374851855 374851855 17796280 17796280 17796280 17796280 17796280 17796280 17796280 17796280 17796280 17796280 837837535 795317539 684824684 160693097 160693097 160693097 160693097 160693097 160693097 160693097 160693097 405399842 405399842 405399842 557819527
50
178049269 178049269 178049269 178049269 178049269 178049269 178049269 171250065 171250065 171250065 171250065 171250065 171250065 171250065 171250065 171250065 171250065 115676265 115676265 115676265 481095075 481095075 740842594 740842594 740842594 740842594 740842594 740842594 740842594 740842594 740842594 740842594 885391552 885391552 885391552 135401014 131806067 131806067 131806067 954292689 954292689 954292689 954292689 954292689 954292689 954292689 954292689 954292689 954292689 597520478
49
867799405 105194097 105194097 105194097 105194097 105194097 105194097 105194097 105194097 105194097 636994418 636994418 636994418 636994418 636994418 522950506 522950506 522950506 522950506 522950506 522950506 522950506 586295638 586295638 199710901 199710901 199710901 199710901 199710901 199710901 199710901 199710901 949145818 949145818 949145818 949145818 949145818 949145818 949145818 949145818 209374551 209374551 209374551 209374551 209374551 209374551 796844969 796844969 860306709
44
669378097 669378097 26448129 26448129 26448129 26448129 26448129 26448129 42151521 42151521 42151521 42151521 42151521 42151521 42151521 105771502 105771502 105771502 105771502 105771502 105771502 657391273 657391273 657391273 657391273 657391273 657391273 657391273 657391273 657391273 657391273 844659590 844659590 844659590 62997123 62997123 62997123 62997123 582841378 582841378 582841378 582841378 582841378 400698802
42
263494729 263494729 263494729 263494729 263494729 263494729 263494729 401564061 401564061 401564061 401564061 401564061 889588194 889588194 889588194 889588194 66072124 66072124 66072124 66072124 66072124 66072124 66072124 66072124 66072124 66072124 86287906 86287906 86287906 86287906 86287906 86287906 86287906 86287906 86287906 150957690 150957690 150957690 150957690 795539598 292477537 292477537
40
286696692 286696692 286696692 286696692 286696692 286696692 815161397 815161397 642646054 642646054 642646054 642646054 642646054 642646054 642646054 642646054 642646054 142166590 142166590 142166590 142166590 142166590 142166590 142166590 142166590 142166590 142166590 74011874 74011874 74011874 74011874 74011874 74011874 74011874 74011874 74011874 317883111 317883111 317883111 317883111
48
983923469 983923469 983923469 983923469 983923469 983923469 983923469 983923469 983923469 560189911 560189911 282404834 282404834 282404834 857630702 857630702 857630702 857630702 857630702 857630702 614671607 614671607 614671607 614671607 614671607 723786986 723786986 256150925 256150925 256150925 256150925 256150925 256150925 256150925 256150925 256150925 256150925 759769616 759769616 680125578 680125578 680125578 680125578 680125578 821133125 821133125 821133125 636750621
47
241210022 241210022 241210022 241210022 241210022 991056505 991056505 991056505 991056505 991056505 991056505 991056505 991056505 991056505 20944730 20944730 327496181 327496181 327496181 327496181 9190590 9190590 9190590 9190590 9190590 9190590 9190590 9190590 927831839 790065504 790065504 790065504 790065504 790065504 762736842 762736842 762736842 762736842 762736842 762736842 762736842 502851024 502851024 502851024 502851024 928712861 928712861
43
901144685 901144685 94406382 94406382 94406382 94406382 867107800 867107800 867107800 867107800 867107800 481456367 481456367 481456367 481456367 481456367 481456367 481456367 170254672 170254672 170254672 170254672 170254672 170254672 170254672 546600171 546600171 546600171 546600171 546600171 589116795 589116795 589116795 589116795 589116795 589116795 589116795 589116795 589116795 589116795 127047688 988082621 988082621
49
319860217 620262212 620262212 889239598 889239598 889239598 889239598 889239598 889239598 889239598 511944770 511944770 511944770 511944770 511944770 511944770 511944770 511944770 511944770 511944770 613642400 613642400 613642400 613642400 613642400 613642400 613642400 97679380 97679380 97679380 97679380 97679380 97679380 97679380 930987063 930987063 930987063 930987063 930987063 930987063 930987063 930987063 779508789 779508789 779508789 779508789 779508789 407019981 482213433
44
247588511 336435437 336435437 336435437 336435437 336435437 336435437 336435437 451458982 451458982 451458982 684171796 464598272 464598272 464598272 464598272 464598272 464598272 368429122 368429122 368429122 368429122 368429122 368429122 368429122 368429122 248532574 248532574 248532574 248532574 248532574 248532574 248532574 106733899 106733899 106733899 269054148 269054148 269054148 269054148 269054148 172612212 172612212 828578387
48
564359001 564359001 564359001 564359001 564359001 564359001 564359001 564359001 649612197 649612197 649612197 649612197 649612197 649612197 526939650 526939650 526939650 526939650 526939650 526939650 352679447 352679447 352679447 352679447 352679447 352679447 352679447 352679447 352679447 352679447 153038959 153038959 153038959 153038959 153038959 153038959 153038959 407096215 407096215 407096215 407096215 407096215 593271972 593271972 994362996 994362996 222360144 688919498
49
595553873 595553873 595553873 595553873 595553873 544865849 544865849 544865849 513729332 513729332 513729332 513729332 513729332 513001125 513001125 513001125 513001125 513001125 513001125 513001125 513001125 513001125 513001125 29042771 29042771 29042771 29042771 29042771 29042771 29042771 29042771 812893627 812893627 812893627 812893627 910434215 910434215 910434215 910434215 910434215 589637818 589637818 589637818 589637818 589637818 589637818 589637818 589637818 521056369
41
564755055 564755055 564755055 564755055 564755055 564755055 302638055 302638055 302638055 302638055 302638055 153139401 153139401 153139401 153139401 153139401 153139401 527934882 527934882 527934882 527934882 527934882 527934882 265854380 265854380 265854380 877135131 877135131 877135131 877135131 877135131 877135131 877135131 877135131 877135131 587589659 587589659 641264781 641264781 641264781 641264781
49
500345974 500345974 84404575 84404575 84404575 84404575 84404575 84404575 475076991 475076991 112593188 112593188 112593188 112593188 112593188 112593188 112593188 918419455 918419455 918419455 606812933 606812933 606812933 606812933 606812933 606812933 606812933 606812933 606812933 606812933 819057279 819057279 819057279 819057279 819057279 393622101 393622101 393622101 393622101 393622101 393622101 393622101 393622101 393622101 376286041 376286041 376286041 581510685 581510685
3
233 233 233
48
883380153 883380153 883380153 883380153 883380153 883380153 990130517 990130517 990130517 990130517 990130517 990130517 990130517 990130517 109916764 109916764 109916764 109916764 109916764 109916764 109916764 109916764 109916764 109916764 737184655 737184655 737184655 737184655 737184655 697169404 697169404 499732332 499732332 499732332 499732332 499732332 499732332 499732332 499732332 499732332 499732332 605791707 605791707 605791707 605791707 605791707 605791707 605791707
44
656039290 656039290 656039290 656039290 75905406 75905406 75905406 111078680 111078680 111078680 871601506 871601506 871601506 871601506 871601506 871601506 721850047 721850047 721850047 721850047 721850047 721850047 721850047 721850047 721850047 721850047 840044463 573911980 573911980 573911980 615267389 615267389 615267389 779305238 779305238 779305238 779305238 779305238 779305238 779305238 613451203 613451203 613451203 263260547
46
310726131 310726131 310726131 19518097 19518097 437141487 437141487 437141487 437141487 437141487 437141487 770184131 770184131 770184131 770184131 770184131 770184131 770184131 770184131 770184131 36340123 36340123 36340123 526953054 526953054 526953054 526953054 526953054 526953054 526953054 125074141 125074141 125074141 125074141 125074141 180071077 180071077 180071077 180071077 180071077 180071077 180071077 909228718 909228718 909228718 603400140
46
262789073 400751116 400751116 400751116 927738038 927738038 927738038 927738038 927738038 927738038 927738038 927738038 314382865 314382865 314382865 314382865 314382865 314382865 314382865 314382865 314382865 314382865 724350530 724350530 724350530 724350530 724350530 508781824 508781824 508781824 508781824 508781824 508781824 508781824 508781824 195741376 447566891 447566891 447566891 447566891 447566891 447566891 144412069 127297687 127297687 127297687
50
624348250 624348250 624348250 624348250 624348250 624348250 624348250 25188076 25188076 25188076 25188076 25188076 25188076 25188076 25188076 609328274 609328274 609328274 609328274 609328274 609328274 609328274 609328274 609328274 104591633 104591633 86321853 86321853 86321853 231163683 231163683 231163683 231163683 787292684 787292684 787292684 787292684 787292684 787292684 787292684 475703456 475703456 175746735 175746735 175746735 911663202 911663202 606236673 606236673 606236673
45
647407213 647407213 647407213 647407213 647407213 647407213 647407213 877376436 877376436 877376436 877376436 877376436 877376436 877376436 877376436 274293501 274293501 274293501 274293501 274293501 274293501 274293501 274293501 274293501 929880494 929880494 929880494 929880494 929880494 929880494 929880494 929880494 929880494 929880494 872148539 872148539 872148539 872148539 872148539 872148539 603457324 603457324 302040878 379847767 379847767
46
182899510 182899510 182899510 182899510 182899510 182899510 243622513 243622513 243622513 63667832 63667832 704012291 704012291 704012291 704012291 704012291 704012291 392170351 392170351 392170351 392170351 392170351 392170351 392170351 392170351 392170351 392170351 782939709 782939709 782939709 782939709 782939709 782939709 782939709 782939709 782939709 782939709 840400557 840400557 415395178 415395178 415395178 592521172 592521172 592521172 592399247
46
605353312 605353312 605353312 605353312 605353312 605353312 605353312 605353312 605353312 398766317 398766317 398766317 398766317 398766317 398766317 398766317 102958969 102958969 102958969 102958969 102958969 102958969 102958969 609078571 609078571 609078571 609078571 609078571 609078571 609078571 346729282 346729282 346729282 346729282 346729282 346729282 346729282 87428166 87428166 87428166 87428166 87428166 87428166 87428166 87428166 87428166
47
228555232 4663150 4663150 4663150 136276821 136276821 136276821 136276821 136276821 136276821 136276821 136276821 295917498 295917498 295917498 295917498 295917498 295917498 295917498 295917498 335910021 435995487 435995487 435995487 435995487 435995487 435995487 435995487 435995487 139230471 139230471 139230471 139230471 139230471 139230471 906411969 906411969 906411969 906411969 906411969 335426190 335426190 335426190 335426190 335426190 335426190 297086081
48
373719834 373719834 237795350 237795350 237795350 237795350 237795350 237795350 237795350 237795350 237795350 237795350 227068681 227068681 227068681 227068681 227068681 227068681 227068681 227068681 227068681 135469717 135469717 376573465 376573465 376573465 376573465 376573465 869952796 869952796 869952796 869952796 869952796 869952796 869952796 869952796 669713817 669713817 669713817 669713817 669713817 669713817 314461670 314461670 507429065 507429065 450768372 206683575
40
60730040 60730040 995378472 995378472 995378472 995378472 995378472 995378472 995378472 995378472 995378472 774356031 774356031 774356031 774356031 774356031 774356031 15754204 15754204 15754204 15754204 15754204 15754204 15754204 126492373 126492373 126492373 689026160 689026160 689026160 689026160 689026160 689026160 689026160 689026160 689026160 689026160 914952296 914952296 914952296
48
851033619 851033619 851033619 851033619 851033619 851033619 851033619 977933318 977933318 977933318 977933318 977933318 977933318 977933318 375040183 277040804 277040804 277040804 43502452 43502452 43502452 43502452 43502452 43502452 105119033 105119033 105119033 105119033 105119033 818996350 818996350 818996350 818996350 818996350 818996350 818996350 818996350 923963819 923963819 923963819 784210420 784210420 784210420 784210420 784210420 784210420 149723539 149723539
4
1 5 3 1
46
4834133 1135946 1135946 1135946 1135946 1135946 798293934 798293934 798293934 798293934 798293934 798293934 798293934 798293934 798293934 798293934 959201195 959201195 959201195 959201195 959201195 959201195 959201195 959201195 959201195 959201195 413213164 413213164 523711679 523711679 523711679 523711679 523711679 780709555 409199397 409199397 16644590 16644590 16644590 16644590 57236896 57236896 57236896 57236896 57236896 56002591
50
295914689 295914689 295914689 295914689 140108362 140108362 140108362 140108362 140108362 140108362 140108362 140108362 140108362 140108362 234962735 487124380 487124380 487124380 487124380 487124380 487124380 487124380 487124380 267593145 267593145 267593145 267593145 267593145 267593145 267593145 267593145 267593145 267593145 317504378 317504378 317504378 317504378 317504378 317504378 317504378 317504378 261501251 261501251 261501251 261501251 261501251 261501251 261501251 261501251 392252441
48
16518695 16518695 16518695 16518695 16518695 16518695 16518695 16518695 62397161 62397161 62397161 62397161 62397161 62397161 62397161 62397161 532229604 532229604 532229604 532229604 532229604 532229604 532229604 532229604 172727128 131101918 131101918 210225459 210225459 210225459 210225459 210225459 210225459 210225459 210225459 210225459 301538431 301538431 301538431 301538431 967100150 967100150 967100150 967100150 967100150 583616976 583616976 583616976
42
892630043 892630043 892630043 892630043 648962117 648962117 379596359 379596359 379596359 379596359 379596359 379596359 294198289 294198289 174018806 174018806 174018806 174018806 174018806 35023925 35023925 35023925 35023925 35023925 35023925 35023925 35023925 35023925 35023925 567593971 567593971 567593971 567593971 567593971 567593971 567593971 567593971 567593971 567593971 931280997 931280997 931280997
45
880535361 880535361 545959417 545959417 545959417 545959417 781544016 781544016 781544016 781544016 781544016 781544016 781544016 781544016 752068533 752068533 752068533 752068533 752068533 752068533 676841770 676841770 676841770 676841770 874733296 874733296 874733296 874733296 874733296 874733296 874733296 874733296 874733296 104095985 104095985 104095985 104095985 104095985 104095985 104095985 90060037 90060037 90060037 93356707 93356707
48
526683568 526683568 526683568 526683568 72070011 72070011 72070011 283032937 283032937 283032937 283032937 283032937 283032937 283032937 283032937 283032937 283032937 781634707 781634707 781634707 781634707 781634707 781634707 781634707 781634707 219106152 502377005 502377005 502377005 502377005 502377005 502377005 502377005 502377005 209226722 209226722 644213701 644213701 644213701 644213701 644213701 644213701 644213701 752596333 287377740 287377740 287377740 287377740
47
87172117 87172117 87172117 87172117 156559919 156559919 4726830 4726830 4726830 4726830 4726830 4726830 4726830 4726830 869242343 869242343 869242343 869242343 869242343 869242343 869242343 869242343 869242343 209017525 209017525 209017525 209017525 209017525 197464233 255088600 255088600 255088600 255088600 753734422 46921907 46921907 46921907 968378781 68356698 68356698 68356698 68356698 68356698 68356698 68356698 404617156 404341797
50
613026939 613026939 613026939 613026939 613026939 613026939 613026939 613026939 613026939 613026939 395692905 395692905 395692905 768450994 768450994 768450994 768450994 768450994 768450994 768450994 874679853 874679853 874679853 874679853 874679853 874679853 874679853 969468027 969468027 969468027 969468027 969468027 969468027 969468027 969468027 969468027 969468027 942249186 942249186 942249186 942249186 942249186 942249186 942249186 942249186 942249186 942249186 721047302 721047302 980942706
47
566063263 566063263 963845723 963845723 276553738 276553738 276553738 276553738 541398082 541398082 541398082 541398082 541398082 87421964 87421964 87421964 87421964 87421964 87421964 978049210 978049210 978049210 978049210 978049210 978049210 762258542 762258542 762258542 762258542 762258542 762258542 762258542 762258542 762258542 762258542 919619338 576282775 576282775 576282775 576282775 401225406 401225406 401225406 725570999 725570999 725570999 695745160
4
2 2 3 3
8
3 4 1 4 2 5 3 1
42
258811947 738252262 738252262 110643530 110643530 770973267 770973267 770973267 770973267 770973267 770973267 568569753 568569753 568569753 568569753 437881205 118840365 118840365 118840365 118840365 118840365 118840365 118840365 118840365 118840365 642333755 642333755 642333755 642333755 642333755 983236232 983236232 983236232 972861204 972861204 972861204 972861204 972861204 972861204 972861204 972861204 317183676
45
28468207 28468207 28468207 28468207 28468207 28468207 28468207 28468207 511538186 511538186 511538186 511538186 511538186 511538186 511538186 729148987 729148987 729148987 729148987 82393740 82393740 82393740 395366478 395366478 395366478 395366478 395366478 395366478 395366478 395366478 395366478 574579672 574579672 574579672 574579672 574579672 574579672 832995563 832995563 832995563 832995563 832995563 832995563 832995563 832995563
42
824931602 997098649 997098649 997098649 997098649 582232710 714693461 714693461 540817570 540817570 540817570 540817570 540817570 540817570 540817570 540817570 540817570 769996360 769996360 769996360 769996360 769996360 769996360 113663223 113663223 300556272 300556272 300556272 300556272 300556272 300556272 300556272 300556272 957250116 957250116 927102123 927102123 927102123 857470537 857470537 857470537 857470537
50
798893231 798893231 798893231 798893231 798893231 798893231 798893231 260266284 392186485 392186485 392186485 392186485 392186485 392186485 392186485 392186485 796456301 796456301 796456301 796456301 796456301 796456301 796456301 642231679 642231679 642231679 642231679 642231679 642231679 57087012 57087012 843817128 843817128 843817128 843817128 843817128 843817128 809681509 809681509 809681509 35578622 35578622 35578622 35578622 35578622 35578622 35578622 35578622 675719707 675719707
45
435970622 435970622 435970622 435970622 435970622 435970622 435970622 435970622 502007852 502007852 502007852 502007852 502007852 502007852 65200496 65200496 65200496 65200496 65200496 65200496 65200496 65200496 65200496 824108897 824108897 126441970 126441970 126441970 126441970 126441970 126441970 126441970 126441970 362837281 362837281 362837281 362837281 362837281 956776683 956776683 956776683 956776683 956776683 956776683 956776683
1
233
42
434664318 394294906 394294906 394294906 394294906 394294906 394294906 394294906 489963631 489963631 489963631 489963631 489963631 489963631 172869949 172869949 172869949 315729235 315729235 315729235 315729235 315729235 76883220 76883220 76883220 144960958 144960958 144960958 144960958 144960958 144960958 144960958 144960958 873409755 873409755 873409755 873409755 873409755 873409755 873409755 873409755 873409755
41
365099542 365099542 365099542 365099542 365099542 231866911 231866911 231866911 231866911 231866911 231866911 231866911 231866911 231866911 231866911 705970186 705970186 705970186 705970186 705970186 29303078 29303078 29303078 29303078 29303078 29303078 29303078 29303078 758394417 758394417 563539251 563539251 563539251 563539251 563539251 563539251 563539251 563539251 799316880 799316880 843973532
43
848897414 848897414 848897414 848897414 848897414 621339973 621339973 621339973 621339973 621339973 621339973 621339973 621339973 621339973 621339973 443017257 443017257 321773824 321773824 321773824 321773824 321773824 321773824 321773824 321773824 321773824 640364426 640364426 640364426 640364426 640364426 640364426 640364426 441143531 441143531 441143531 441143531 441143531 441143531 441143531 398414347 113077225 933170354
40
26371002 26371002 26371002 26371002 26371002 26371002 26371002 26371002 26371002 26371002 679357709 679357709 546346556 389522030 389522030 389522030 151895055 151895055 151895055 151895055 151895055 151895055 151895055 151895055 806151290 806151290 806151290 806151290 806151290 496908412 496908412 496908412 565418484 565418484 565418484 565418484 124532994 124532994 124532994 335397907
44
20440516 20440516 20440516 20440516 20440516 20440516 20440516 20440516 20440516 657467359 657467359 657467359 147551455 147551455 147551455 147551455 147551455 147551455 147551455 147551455 147551455 147551455 205624262 205624262 205624262 205624262 205624262 205624262 665312040 665312040 665312040 665312040 146464703 112449923 112449923 112449923 112449923 112449923 112449923 112449923 112449923 112449923 112449923 143689889
46
276942480 252177410 252177410 252177410 252177410 252177410 972028915 972028915 972028915 972028915 972028915 972028915 972028915 972028915 972028915 972028915 22867365 22867365 22867365 915808595 915808595 915808595 915808595 915808595 135157630 135157630 135157630 135157630 135157630 135157630 135157630 135157630 135157630 135157630 436047110 436047110 436047110 436047110 436047110 436047110 443618391 443618391 443618391 443618391 443618391 443618391
50
694933172 694933172 694933172 694933172 593974108 593974108 593974108 593974108 593974108 593974108 593974108 466790860 466790860 466790860 466790860 466790860 466790860 466790860 732460602 732460602 732460602 654482193 595240694 63794421 63794421 63794421 63794421 63794421 63794421 63794421 63794421 63794421 63794421 959983295 959983295 959983295 959983295 976224287 976224287 976224287 976224287 976224287 976224287 976224287 976224287 695569272 695569272 695569272 695569272 540763826
48
324125321 324125321 324125321 324125321 324125321 384494314 384494314 384494314 986715463 236491697 236491697 236491697 236491697 70084798 70084798 70084798 70084798 70084798 70084798 70084798 70084798 70084798 70084798 252622937 252622937 252622937 252622937 252622937 252622937 252622937 252622937 252622937 252622937 867939474 867939474 867939474 867939474 221896923 221896923 221896923 221896923 221896923 221896923 221896923 221896923 221896923 42296641 797885282
41
991286461 991286461 991286461 991286461 991286461 991286461 991286461 991286461 991286461 403393291 403393291 403393291 403393291 273421240 273421240 597630690 597630690 597630690 597630690 597630690 597630690 597630690 795334902 795334902 795334902 756256615 756256615 756256615 756256615 756256615 756256615 756256615 756256615 756256615 756256615 350751150 350751150 350751150 350751150 591816507 792788268
40
999326979 999326979 999326979 999326979 139432921 139432921 139432921 139432921 139432921 139432921 139432921 139432921 139432921 139432921 963113430 963113430 963113430 963113430 963113430 963113430 963113430 963113430 963113430 288518368 527746519 527746519 527746519 527746519 889692250 889692250 433462775 433462775 433462775 433462775 433462775 742967887 742967887 742967887 742967887 498551073
45
7616046 7616046 7616046 7616046 351256699 351256699 351256699 351256699 351256699 351256699 351256699 70061393 70061393 70061393 70061393 70061393 879802565 879802565 879802565 879802565 899623046 899623046 899623046 899623046 265023466 265023466 265023466 265023466 265023466 729270170 290591824 290591824 290591824 290591824 290591824 93425348 93425348 93425348 390791354 390791354 390791354 390791354 301515470 301515470 707838357
42
914593131 914593131 914593131 914593131 914593131 914593131 914593131 914593131 914593131 217959369 217959369 217959369 217959369 217959369 217959369 217959369 217959369 775868667 775868667 775868667 775868667 775868667 775868667 775868667 775868667 823076710 823076710 823076710 823076710 823076710 823076710 823076710 823076710 823076710 196313539 850813746 850813746 699522756 656311928 848019897 26405688 237028551
46
75048893 75048893 75048893 75048893 75048893 75048893 75048893 75048893 75048893 956673194 410458137 410458137 410458137 410458137 410458137 410458137 33152135 33152135 33152135 872790277 872790277 872790277 872790277 872790277 872790277 872790277 872790277 741802032 741802032 741802032 741802032 741802032 311789508 311789508 311789508 311789508 311789508 311789508 311789508 711546205 594350717 594350717 594350717 594350717 594350717 594350717
5
2 3 3 4 3
41
711357725 711357725 711357725 711357725 711357725 711357725 534334479 534334479 534334479 534334479 534334479 534334479 534334479 534334479 534334479 16179947 16179947 16179947 16179947 16179947 16179947 698674509 698674509 698674509 698674509 698674509 698674509 698674509 698674509 676010412 676010412 676010412 676010412 676010412 676010412 676010412 676010412 676010412 676010412 264208969 264208969
40
176746548 176746548 176746548 176746548 176746548 176746548 176746548 176746548 176746548 176746548 935247770 498887032 498887032 498887032 498887032 498887032 523630891 523630891 523630891 523630891 523630891 523630891 523630891 523630891 248720032 248720032 209036342 209036342 209036342 36584129 36584129 36584129 36584129 36584129 36584129 36584129 36584129 36584129 50327072 50327072
42
25774731 25774731 25774731 25774731 25774731 3027999 3027999 3027999 3027999 3027999 3027999 331367853 331367853 331367853 331367853 554697586 554697586 554697586 447473782 447473782 447473782 447473782 447473782 447473782 581808511 581808511 581808511 581808511 581808511 581808511 581808511 581808511 581808511 581808511 637791738 637791738 134417730 134417730 134417730 134417730 134417730 134417730
49
680634249 680634249 770248542 770248542 475502078 475502078 475502078 475502078 475502078 475502078 475502078 203590816 203590816 203590816 203590816 203590816 203590816 203590816 203590816 203590816 470295558 354957640 354957640 354957640 19687796 19687796 19687796 19687796 530443066 208951143 208951143 749553229 557223833 557223833 557223833 557223833 557223833 171508943 171508943 171508943 171508943 171508943 171508943 171508943 334840601 334840601 742621164 742621164 86944144
45
97086316 97086316 313338423 313338423 313338423 313338423 313338423 313338423 313338423 12476401 12476401 12476401 12476401 12476401 12476401 12476401 115995588 115995588 115995588 115995588 115995588 115995588 115995588 115995588 258490546 258490546 258490546 258490546 258490546 258490546 258490546 258490546 25141658 25141658 25141658 25141658 25141658 25141658 83461532 83461532 837924936 837924936 837924936 837924936 837924936
47
742947155 742947155 742947155 742947155 742947155 742947155 599065829 599065829 599065829 599065829 599065829 599065829 544272575 362012539 362012539 362012539 362012539 362012539 129226766 129226766 129226766 129226766 129226766 129226766 129226766 129226766 129226766 129226766 103996928 103996928 103996928 103996928 493085389 493085389 493085389 493085389 493085389 493085389 546845441 546845441 546845441 546845441 546845441 373932897 373932897 373932897 373932897
47
607628596 942691916 942691916 942691916 942691916 942691916 290166894 290166894 290166894 290166894 290166894 429873112 429873112 429873112 934460129 934460129 934460129 321779131 321779131 321779131 321779131 321779131 444387058 444387058 444387058 444387058 444387058 444387058 444387058 444387058 444387058 444387058 652914231 652914231 652914231 652914231 652914231 652914231 652914231 958248343 958248343 958248343 168804717 168804717 168804717 168804717 403589789
44
841399884 841399884 841399884 841399884 841399884 841399884 841399884 841399884 85678172 85678172 85678172 85678172 85678172 85678172 85678172 113031398 113031398 113031398 113031398 113031398 113031398 113031398 113031398 871016924 871016924 871016924 109116319 109116319 109116319 109116319 109116319 109116319 109116319 528886104 528886104 528886104 528886104 528886104 528886104 528886104 528886104 904803612 214831590 214831590
43
287862403 287862403 287862403 287862403 287862403 287862403 287862403 287862403 425828497 425828497 425828497 425828497 425828497 425828497 834365431 930028602 81681646 161547861 161547861 161547861 161547861 161547861 161547861 661064057 661064057 661064057 661064057 661064057 661064057 661064057 661064057 661064057 661064057 729774228 729774228 729774228 729774228 435612644 435612644 435612644 435612644 143323642 143323642
41
368302094 368302094 10374496 10374496 111429163 111429163 111429163 111429163 111429163 527999736 527999736 527999736 39073905 39073905 39073905 39073905 39073905 39073905 584015783 584015783 584015783 584015783 584015783 584015783 651941859 651941859 651941859 651941859 651941859 651941859 651941859 651941859 601083899 601083899 601083899 601083899 601083899 601083899 601083899 833290574 405463021
50
905652643 905652643 905652643 121951350 121951350 121951350 121951350 24090946 24090946 268545170 268545170 268545170 268545170 268545170 268545170 268545170 268545170 926376703 926376703 532675379 532675379 77536581 77536581 973087599 973087599 973087599 410163331 108034977 108034977 108034977 108034977 108034977 108034977 108034977 108034977 108034977 118046312 118046312 118046312 931201590 931201590 931201590 931201590 931201590 931201590 931201590 202148698 855167530 840871355 840871355
42
895602239 895602239 895602239 895602239 895602239 705188155 705188155 705188155 705188155 705188155 705188155 705188155 705188155 720489057 720489057 720489057 720489057 954533371 954533371 954533371 954533371 954533371 954533371 954533371 430938438 430938438 430938438 430938438 430938438 430938438 430938438 923044997 923044997 923044997 923044997 416239220 570783289 570783289 570783289 570783289 339743238 339743238
47
366822733 600702245 600702245 600702245 600702245 600702245 600702245 600702245 682618290 682618290 682618290 682618290 682618290 682618290 356325824 976787389 976787389 976787389 976787389 976787389 976787389 731109632 731109632 634988115 634988115 634988115 634988115 634988115 634988115 634988115 634988115 634988115 634988115 902946255 163286493 163286493 163286493 163286493 369919164 369919164 369919164 369919164 369919164 369919164 369919164 369919164 402823040
43
767578393 767578393 767578393 767578393 767578393 767578393 580032056 580032056 580032056 580032056 580032056 580032056 172054566 172054566 172054566 172054566 520074012 520074012 520074012 520074012 652101231 652101231 652101231 652101231 544056794 544056794 544056794 544056794 544056794 363337621 363337621 363337621 363337621 363337621 363337621 363337621 618580980 618580980 618580980 618580980 947367631 380987711 267806677
47
854613559 854613559 854613559 854613559 854613559 854613559 854613559 854613559 854613559 305773195 305773195 305773195 31767234 31767234 31767234 31767234 31767234 31767234 31767234 31767234 31767234 49386073 49386073 49386073 369603752 369603752 369603752 369603752 369603752 369603752 369603752 369603752 369603752 697379345 697379345 697379345 697379345 697379345 305732106 305732106 305732106 305732106 305732106 305732106 305732106 305732106 117695152
43
424647285 424647285 424647285 424647285 424647285 500012220 500012220 500012220 494057263 494057263 494057263 494057263 494057263 494057263 504127812 551826647 551826647 551826647 551826647 551826647 551826647 551826647 551826647 551826647 457948309 457948309 457948309 457948309 457948309 457948309 457948309 457948309 457948309 457948309 680944370 680944370 680944370 680944370 801349745 801349745 801349745 801349745 778086722
45
835917140 835917140 835917140 835917140 835917140 835917140 835917140 835917140 835917140 835917140 125716627 125716627 387501155 387501155 387501155 387501155 387501155 387501155 869074249 869074249 869074249 869074249 869074249 275083419 275083419 275083419 275083419 705590829 705590829 705590829 705590829 705590829 705590829 705590829 705590829 705590829 705590829 374465863 374465863 374465863 374465863 761899659 761899659 761899659 506819142
44
757614651 757614651 757614651 757614651 757614651 687451571 412266647 412266647 412266647 412266647 18896111 18896111 18896111 430107297 430107297 430107297 430107297 430107297 430107297 430107297 430107297 175125857 175125857 924484120 924484120 924484120 924484120 924484120 924484120 924484120 924484120 924484120 924484120 750028136 750028136 750028136 750028136 750028136 750028136 750028136 750028136 485959842 521490534 521490534
41
317943613 317943613 317943613 317943613 783448133 783448133 727727415 727727415 727727415 727727415 727727415 727727415 339780762 339780762 785511425 785511425 785511425 785511425 785511425 161651753 161651753 837799299 837799299 837799299 837799299 837799299 253535023 253535023 253535023 253535023 253535023 253535023 253535023 253535023 253535023 253535023 495398288 495398288 495398288 495398288 490414372
40
11575674 11575674 11575674 11575674 11575674 102710809 102710809 102710809 102710809 102710809 102710809 102710809 880001531 880001531 880001531 880001531 880001531 880001531 880001531 880001531 880001531 880001531 675525150 675525150 675525150 675525150 675525150 675525150 675525150 675525150 9714382 9714382 9714382 9714382 9714382 9714382 9714382 9714382 9714382 9714382
42
957411000 957411000 957411000 957411000 957411000 957411000 957411000 470046668 470046668 470046668 470046668 470046668 52234140 667556319 667556319 667556319 667556319 667556319 667556319 667556319 667556319 667556319 667556319 38271598 527548367 527548367 527548367 838117636 838117636 724747151 430789608 430789608 430789608 430789608 353700861 353700861 353700861 353700861 353700861 353700861 353700861 353700861
40
844238733 844238733 844238733 844238733 844238733 812905180 812905180 812905180 812905180 461839727 461839727 461839727 461839727 461839727 461839727 570049075 570049075 570049075 570049075 570049075 570049075 570049075 570049075 570049075 570049075 558484109 558484109 558484109 558484109 558484109 558484109 558484109 558484109 558484109 962052385 478146414 478146414 26746911 26746911 26746911
42
89711515 89711515 692956791 692956791 770988251 770988251 179191611 179191611 179191611 179191611 179191611 116234904 116234904 116234904 116234904 116234904 116234904 116234904 923425953 923425953 923425953 923425953 235450338 235450338 235450338 235450338 235450338 235450338 235450338 235450338 235450338 649283524 649283524 649283524 649283524 649283524 649283524 649283524 649283524 778992118 778992118 778992118
43
187181951 187181951 187181951 187181951 568342105 568342105 568342105 568342105 568342105 952116095 952116095 952116095 952116095 952116095 952116095 952116095 487104702 487104702 487104702 487104702 487104702 487104702 487104702 487104702 487104702 487104702 840977362 840977362 840977362 840977362 840977362 840977362 840977362 899750506 899750506 899750506 899750506 899750506 899750506 899750506 899750506 443496172 994362587
50
289735149 289735149 289735149 289735149 35336643 35336643 35336643 35336643 35336643 35336643 35336643 35336643 35336643 137170208 137170208 137170208 137170208 137170208 137170208 137170208 137170208 137170208 449667246 449667246 449667246 449667246 449667246 487744660 487744660 487744660 487744660 487744660 487744660 487744660 487744660 458475144 458475144 458475144 458475144 458475144 458475144 458475144 110130475 671585877 671585877 671585877 671585877 671585877 671585877 671585877
43
495827277 495827277 495827277 495827277 495827277 824892248 824892248 824892248 824892248 824892248 824892248 998143698 998143698 998143698 998143698 998143698 998143698 998143698 998143698 568581006 568581006 568581006 568581006 568581006 568581006 524835616 524835616 524835616 524835616 524835616 524835616 524835616 202920327 202920327 202920327 202920327 805399659 805399659 805399659 805399659 805399659 805399659 822538303
47
349044808 349044808 349044808 349044808 87008224 223759243 223759243 223759243 223759243 223759243 721587372 721587372 721587372 721587372 721587372 721587372 601429098 601429098 644633874 644633874 644633874 644633874 644633874 644633874 644633874 644633874 644633874 754808729 754808729 754808729 754808729 754808729 754808729 754808729 754808729 984247673 9813887 9813887 35821710 35821710 35821710 35821710 35821710 35821710 35821710 35821710 25914269
40
293391503 293391503 293391503 293391503 293391503 293391503 293391503 293391503 8613259 8613259 8613259 8613259 8613259 8613259 8613259 8613259 264496174 264496174 264496174 264496174 264496174 264496174 264496174 264496174 264496174 911363436 6353677 6353677 6353677 6353677 6353677 6353677 6353677 6353677 6353677 6353677 224371431 224371431 963428889 963428889
47
689521198 689521198 689521198 689521198 689521198 689521198 689521198 689521198 689521198 689521198 148194899 148194899 148194899 148194899 148194899 421791073 421791073 519327155 519327155 519327155 519327155 519327155 519327155 519327155 519327155 519327155 519327155 128769947 128769947 128769947 128769947 128769947 442058871 442058871 442058871 442058871 442058871 442058871 442058871 948076907 948076907 948076907 948076907 948076907 948076907 470497802 398508478
48
617124671 617124671 617124671 617124671 617124671 617124671 452831470 452831470 452831470 452831470 452831470 545622389 545622389 545622389 545622389 545622389 545622389 545622389 863669893 251565796 251565796 251565796 251565796 251565796 251565796 251565796 251565796 257047321 257047321 257047321 257047321 257047321 257047321 257047321 257047321 257047321 257047321 430790626 430790626 633749217 125384024 125384024 125384024 125384024 125384024 125384024 125384024 734531674
