100
389 0 0
245 0 0
29 0 0
269 0 0
-559 0 0
-658 0 0
-833 0 0
-727 0 0
-677 0 0
454 0 0
692 0 0
251 0 0
35 0 0
240 0 0
-559 0 0
398 0 0
342 0 0
742 0 0
420 0 0
-492 0 0
674 0 0
356 0 0
-507 0 0
-564 0 0
72 0 0
178 0 0
-978 0 0
-394 0 0
-579 0 0
-834 0 0
295 0 0
-323 0 0
307 0 0
-142 0 0
854 0 0
220 0 0
778 0 0
-391 0 0
725 0 0
-433 0 0
-673 0 0
-220 0 0
-655 0 0
539 0 0
-480 0 0
-368 0 0
376 0 0
886 0 0
548 0 0
288 0 0
-609 0 0
-480 0 0
83 0 0
-825 0 0
137 0 0
600 0 0
-856 0 0
510 0 0
-933 0 0
611 0 0
336 0 0
-95 0 0
690 0 0
432 0 0
-633 0 0
-445 0 0
-715 0 0
-632 0 0
-779 0 0
-493 0 0
-240 0 0
-746 0 0
-334 0 0
785 0 0
142 0 0
-814 0 0
-327 0 0
608 0 0
-718 0 0
740 0 0
601 0 0
733 0 0
424 0 0
371 0 0
71 0 0
-284 0 0
-955 0 0
-20 0 0
-187 0 0
-682 0 0
-616 0 0
291 0 0
789 0 0
363 0 0
-142 0 0
-454 0 0
-873 0 0
-280 0 0
413 0 0
979 0 0
-898 0 0
-698 0 0
223 0 0
-605 0 0
-227 0 0
801 0 0
310 0 0
-685 0 0
749 0 0
884 0 0
-277 0 0
504 0 0
527 0 0
-182 0 0
188 0 0
-778 0 0
-749 0 0
933 0 0
-22 0 0
605 0 0
-745 0 0
-427 0 0
-297 0 0
-5 0 0
550 0 0
-981 0 0
860 0 0
419 0 0
330 0 0
65 0 0
-108 0 0
450 0 0
-800 0 0
994 0 0
932 0 0
615 0 0
795 0 0
477 0 0
282 0 0
570 0 0
827 0 0
-664 0 0
-64 0 0
738 0 0
776 0 0
147 0 0
267 0 0
331 0 0
840 0 0
668 0 0
-782 0 0
899 0 0
376 0 0
-413 0 0
-868 0 0
-202 0 0
332 0 0
-137 0 0
-978 0 0
564 0 0
-722 0 0
663 0 0
-362 0 0
452 0 0
-183 0 0
292 0 0
-767 0 0
-6 0 0
107 0 0
88 0 0
-366 0 0
588 0 0
407 0 0
308 0 0
-358 0 0
17 0 0
374 0 0
67 0 0
342 0 0
909 0 0
-870 0 0
-204 0 0
-162 0 0
758 0 0
-986 0 0
-512 0 0
-349 0 0
134 0 0
936 0 0
328 0 0
-742 0 0
437 0 0
650 0 0
-289 0 0
-936 0 0
2 0 0
-359 0 0
363 0 0
536 0 0
-782 0 0
-454 0 0
892 0 0
257 0 0
42 0 0
214 0 0
-343 0 0
-131 0 0
663 0 0
789 0 0
-373 0 0
-328 0 0
21 0 0
156 0 0
-624 0 0
-68 0 0
341 0 0
-397 0 0
-849 0 0
753 0 0
-956 0 0
-203 0 0
-677 0 0
-162 0 0
-119 0 0
897 0 0
-105 0 0
74 0 0
902 0 0
-371 0 0
-425 0 0
-700 0 0
-488 0 0
334 0 0
471 0 0
-583 0 0
326 0 0
883 0 0
639 0 0
-159 0 0
308 0 0
365 0 0
285 0 0
245 0 0
328 0 0
-433 0 0
-702 0 0
-353 0 0
-319 0 0
-60 0 0
-977 0 0
905 0 0
123 0 0
902 0 0
377 0 0
-378 0 0
950 0 0
884 0 0
373 0 0
922 0 0
764 0 0
-768 0 0
363 0 0
305 0 0
-723 0 0
401 0 0
819 0 0
-440 0 0
479 0 0
-18 0 0
-863 0 0
-961 0 0
550 0 0
-248 0 0
908 0 0
-71 0 0
438 0 0
813 0 0
-1000 0 0
533 0 0
510 0 0
-885 0 0
-487 0 0
250 0 0
-645 0 0
-187 0 0
574 0 0
879 0 0
908 0 0
963 0 0
-424 0 0
687 0 0
692 0 0
-916 0 0
-774 0 0
-113 0 0
299 0 0
-194 0 0
618 0 0
311 0 0
-749 0 0
