100
48
495118060 495118060 495118060 495118060 495118060 495118060 495118060 495118060 495118060 495118060 823600252 823600252 823600252 823600252 881126903 881126903 881126903 881126903 881126903 881126903 215544913 215544913 215544913 215544913 505412781 505412781 505412781 505412781 505412781 505412781 505412781 505412781 505412781 505412781 114912811 114912811 114912811 114912811 866792964 866792964 866792964 866792964 866792964 866792964 731058874 731058874 731058874 651445101
49
495829536 495829536 495829536 495829536 495829536 495829536 495829536 495829536 495829536 495829536 916207768 916207768 916207768 916207768 770532693 847047182 847047182 847047182 847047182 847047182 847047182 847047182 847047182 847047182 783350284 783350284 783350284 783350284 783350284 783350284 783350284 783350284 783350284 621766198 621766198 621766198 621766198 621766198 621766198 621766198 621766198 621766198 18899000 18899000 875757332 875757332 875757332 875757332 875757332
50
108806544 108806544 108806544 108806544 108806544 108806544 108806544 108806544 108806544 73765961 73765961 73765961 73765961 73765961 73765961 73765961 665095496 665095496 665095496 665095496 665095496 665095496 665095496 689768086 689768086 689768086 145333486 145333486 145333486 145333486 145333486 145333486 145333486 145333486 145333486 145333486 210151901 66770530 66770530 66770530 896102598 560344915 145199495 145199495 145199495 145199495 698038311 432288579 432288579 432288579
42
679505203 679505203 679505203 679505203 679505203 689272941 689272941 689272941 97779814 97779814 269661711 269661711 269661711 269661711 269661711 269661711 269661711 269661711 269661711 861579834 861579834 861579834 861579834 861579834 861579834 861579834 861579834 861579834 99903030 99903030 99903030 99903030 99903030 99903030 99903030 438861902 438861902 438861902 438861902 438861902 438861902 854833039
49
590954086 590954086 590954086 590954086 548955418 548955418 548955418 548955418 548955418 548955418 548955418 548955418 235889360 235889360 235889360 235889360 235889360 235889360 452899088 204304019 204304019 204304019 204304019 204304019 204304019 753141143 239160395 239160395 239160395 790511125 11175298 11175298 11175298 11175298 11175298 11175298 11175298 11175298 11175298 11175298 212233962 212233962 212233962 212233962 212233962 667576556 667576556 908816234 928338224
42
483445200 483445200 483445200 483445200 483445200 483445200 409905348 409905348 409905348 409905348 89133519 89133519 89133519 89133519 89133519 89133519 89133519 89133519 89133519 120515012 120515012 120515012 120515012 120515012 120515012 91937215 91937215 103795038 103795038 103795038 103795038 103795038 514000120 514000120 514000120 355913259 355913259 355913259 355913259 757043949 757043949 757043949
45
933268936 933268936 933268936 933268936 639524219 639524219 639524219 639524219 639524219 639524219 639524219 639524219 639524219 639524219 139932826 139932826 139932826 139932826 139932826 139932826 139932826 139932826 139932826 130405859 130405859 130405859 130405859 130405859 130405859 130405859 130405859 130405859 130405859 852362861 852362861 852362861 852362861 852362861 852362861 852362861 852362861 852362861 192418418 168302688 168302688
43
999266972 999266972 999266972 999266972 999266972 27377016 27377016 27377016 27377016 27377016 27377016 27377016 27377016 569569961 569569961 569569961 569569961 569569961 809431343 809431343 809431343 809431343 809431343 809431343 138131938 138131938 138131938 626426861 626426861 626426861 626426861 626426861 626426861 626426861 626426861 626426861 114013054 114013054 114013054 114013054 114013054 354269085 354269085
1
233
49
280247402 280247402 280247402 280247402 280247402 660224325 660224325 660224325 660224325 660224325 660224325 660224325 754634952 754634952 754634952 754634952 754634952 247689493 247689493 247689493 247689493 500689289 500689289 500689289 500689289 211080358 211080358 211080358 211080358 211080358 399841032 399841032 580626145 580626145 580626145 580626145 580626145 580626145 580626145 580626145 580626145 580626145 948339474 948339474 948339474 948339474 948339474 294250611 294250611
3
233 233 233
5
2 3 3 4 3
49
561393543 561393543 561393543 561393543 561393543 561393543 561393543 561393543 561393543 53448668 53448668 53448668 53448668 53448668 53448668 53448668 53448668 844332688 965783209 595659870 595659870 595659870 45054735 45054735 45054735 141492925 141492925 141492925 141492925 91962354 91962354 91962354 91962354 91962354 91962354 91962354 91962354 91962354 91962354 698603279 278550402 278550402 278550402 278550402 278550402 278550402 278550402 278550402 536981103
41
871615311 871615311 871615311 871615311 871615311 871615311 871615311 871615311 871615311 499284489 499284489 499284489 499284489 499284489 499284489 499284489 499284489 499284489 499284489 344325861 222711095 222711095 27199191 27199191 27199191 27199191 27199191 27199191 27199191 558611373 558611373 558611373 558611373 558611373 558611373 558611373 558611373 822619683 822619683 461527926 461527926
43
238852711 238852711 877730533 27461172 27461172 50312926 50312926 50312926 50312926 50312926 422329906 422329906 295755483 295755483 295755483 51231713 51231713 51231713 51231713 51231713 51231713 51231713 614220055 614220055 614220055 614220055 614220055 614220055 614220055 614220055 614220055 614220055 382850199 382850199 382850199 382850199 382850199 382850199 382850199 382850199 382850199 159929362 159929362
40
842407869 842407869 842407869 842407869 842407869 842407869 842407869 842407869 842407869 428998503 428998503 428998503 428998503 428998503 428998503 428998503 428998503 873652006 873652006 873652006 873652006 873652006 873652006 873652006 870563708 870563708 870563708 870563708 870563708 870563708 804596784 804596784 804596784 804596784 804596784 804596784 804596784 804596784 804596784 804596784
40
564251117 564251117 564251117 564251117 388696142 388696142 388696142 388696142 388696142 388696142 289696826 289696826 289696826 244134209 244134209 244134209 609677380 609677380 609677380 609677380 609677380 609677380 609677380 609677380 609677380 609677380 860455801 860455801 586684141 586684141 586684141 586684141 586684141 586684141 586684141 586684141 586684141 505066173 505066173 505066173
46
69561675 69561675 69561675 69561675 69561675 69561675 69561675 870173588 870173588 390891815 390891815 390891815 390891815 375361636 694950333 694950333 197093414 197093414 197093414 197093414 197093414 197093414 197093414 197093414 197093414 197093414 415818357 415818357 415818357 415818357 415818357 415818357 415818357 415818357 415818357 415818357 858343425 858343425 858343425 858343425 858343425 858343425 858343425 858343425 858343425 858343425
45
705344191 705344191 540200415 540200415 540200415 540200415 540200415 540200415 988810323 988810323 988810323 988810323 988810323 988810323 988810323 988810323 988810323 988810323 915900418 915900418 915900418 915900418 915900418 915900418 915900418 915900418 915900418 435556732 435556732 435556732 435556732 435556732 435556732 435556732 145158339 145158339 145158339 145158339 678101699 678101699 134126095 134126095 590997096 590997096 590997096
45
107535191 107535191 107535191 107535191 107535191 107535191 107535191 451098642 451098642 451098642 451098642 451098642 451098642 451098642 451098642 451098642 451098642 543713263 543713263 543713263 543713263 543713263 543713263 740068738 740068738 740068738 740068738 740068738 740068738 740068738 740068738 740068738 721361802 721361802 410973015 410973015 410973015 410973015 410973015 410973015 410973015 410973015 692973391 692973391 42167528
43
263822848 863136151 863136151 863136151 863136151 863136151 863136151 863136151 863136151 863136151 863136151 527316862 527316862 527316862 527316862 527316862 527316862 527316862 946735444 946735444 946735444 946735444 946735444 946735444 946735444 946735444 946735444 946735444 770215829 770215829 770215829 770215829 770215829 770215829 770215829 906721282 757681481 757681481 757681481 289080985 289080985 41034369 41034369
47
704987031 704987031 704987031 704987031 704987031 704987031 704987031 704987031 704987031 704987031 175487958 234901077 234901077 234901077 234901077 234901077 234901077 234901077 234901077 234901077 234901077 285189082 285189082 285189082 59142630 59142630 59142630 59142630 59142630 59142630 59142630 391403285 391403285 391403285 391403285 391403285 391403285 391403285 391403285 391403285 391403285 274923826 274923826 274923826 274923826 274923826 91575265
45
79320053 79320053 79320053 79320053 357555348 357555348 357555348 357555348 357555348 357555348 357555348 357555348 357555348 119908707 119908707 119908707 292907244 292907244 292907244 292907244 292907244 292907244 292907244 292907244 292907244 292907244 127808575 127808575 127808575 127808575 127808575 127808575 127808575 127808575 127808575 127808575 131149662 566529290 566529290 566529290 566529290 566529290 566529290 566529290 353694405
50
12016888 12016888 12016888 12016888 12016888 12016888 158868017 158868017 158868017 158868017 158868017 158868017 158868017 158868017 158868017 158868017 379167730 379167730 379167730 379167730 379167730 379167730 379167730 379167730 80593046 80593046 80593046 80593046 80593046 80593046 80593046 520022647 520022647 520022647 555688527 116202771 116202771 116202771 116202771 903028962 903028962 903028962 903028962 903028962 903028962 903028962 903028962 179295559 179295559 853086523
42
968421578 968421578 968421578 968421578 968421578 968421578 43455962 43455962 43455962 43455962 43455962 43455962 919581914 919581914 919581914 919581914 919581914 919581914 919581914 280277986 280277986 280277986 280277986 530960256 530960256 945275174 945275174 945275174 945275174 945275174 107069193 292086288 292086288 292086288 292086288 292086288 292086288 103177097 285820495 285820495 630471863 630471863
40
157076089 157076089 157076089 157076089 157076089 157076089 157076089 157076089 157076089 420460157 420460157 420460157 420460157 420460157 420460157 420460157 420460157 420460157 420460157 415798224 415798224 415798224 415798224 415798224 415798224 415798224 415798224 415798224 415798224 305349067 305349067 305349067 368540461 368540461 368540461 368540461 368540461 368540461 368540461 368540461
50
516288781 516288781 516288781 516288781 516288781 516288781 516288781 516288781 516288781 516288781 190661678 91974445 91974445 91974445 382811265 382811265 382811265 382811265 382811265 382811265 382811265 382811265 4366965 4366965 4366965 4366965 4366965 4366965 4366965 4366965 4366965 818949856 818949856 818949856 818949856 818949856 818949856 818949856 950608111 950608111 950608111 950608111 950608111 915409171 915409171 133120609 133120609 133120609 133120609 133120609
45
181421848 181421848 181421848 181421848 53420660 53420660 53420660 96054568 96054568 96054568 96054568 96054568 96054568 96054568 96054568 96054568 96054568 287772905 287772905 287772905 287772905 287772905 287772905 287772905 287772905 287772905 993737559 993737559 993737559 993737559 993737559 993737559 993737559 46135200 887924635 887924635 887924635 887924635 887924635 320035558 320035558 320035558 320035558 320035558 970897938
47
796913533 796913533 36173202 36173202 41532293 41532293 41532293 41532293 41532293 41532293 41532293 907643196 907643196 907643196 907643196 907643196 907643196 812672608 812672608 812672608 812672608 812672608 812672608 812672608 812672608 812672608 812672608 542027836 542027836 542027836 405932554 423944310 423944310 423944310 423944310 423944310 609192261 609192261 609192261 609192261 609192261 609192261 609192261 609192261 570408894 570408894 570408894
50
72181532 72181532 72181532 72181532 72181532 72181532 72181532 72181532 72181532 72181532 326096292 73008320 73008320 73008320 73008320 31714076 31714076 31714076 31714076 31714076 31714076 31714076 31714076 31714076 845435651 845435651 845435651 845435651 845435651 845435651 845435651 845435651 182034016 182034016 182034016 182034016 580846030 580846030 580846030 580846030 580846030 580846030 580846030 580846030 62177179 62177179 62177179 62177179 299023654 812969949
49
306405813 306405813 763816563 763816563 763816563 763816563 763816563 621942045 621942045 621942045 621942045 621942045 621942045 621942045 461291441 461291441 777539188 777539188 777539188 777539188 777539188 777539188 777539188 777539188 777539188 777539188 743209789 743209789 743209789 743209789 743209789 743209789 743209789 249019939 249019939 442196558 442196558 442196558 442196558 442196558 442196558 442196558 442196558 442196558 339576473 339576473 77596604 77596604 124564642
44
894065690 788469320 682557626 682557626 682557626 682557626 682557626 682557626 579334905 579334905 579334905 579334905 993078162 993078162 771013856 131055823 131055823 131055823 131055823 131055823 131055823 131055823 131055823 131055823 131055823 595843335 595843335 595843335 837144725 837144725 112968071 112968071 112968071 112968071 112968071 112968071 35090041 64538813 64538813 64538813 64538813 767085897 134839740 769706740
46
457518976 457518976 457518976 457518976 457518976 457518976 457518976 100629628 100629628 100629628 100629628 36363849 36363849 36363849 36363849 36363849 45179740 45179740 45179740 45179740 45179740 45179740 45179740 45179740 475660319 475660319 475660319 111776989 111776989 111776989 111776989 111776989 970315122 970315122 970315122 970315122 310953337 310953337 310953337 310953337 310953337 310953337 310953337 310953337 706131762 706131762
46
531845465 531845465 531845465 531845465 531845465 531845465 230292922 230292922 230292922 230292922 230292922 881428438 881428438 881428438 881428438 881428438 881428438 881428438 881428438 881428438 881428438 941785280 941785280 941785280 941785280 941785280 941785280 941785280 941785280 941785280 147007674 147007674 147007674 147007674 147007674 147007674 147007674 147007674 692428868 692428868 692428868 53603375 53603375 53603375 53603375 53603375
50
229190193 229190193 229190193 229190193 229190193 229190193 901193999 901193999 901193999 901193999 901193999 901193999 901193999 901193999 901193999 629451746 629451746 629451746 629451746 629451746 629451746 629451746 629451746 629451746 597604144 597604144 597604144 597604144 597604144 597604144 597604144 597604144 597604144 597604144 467918228 467918228 467918228 467918228 467918228 602724155 602724155 36505569 36505569 36505569 36505569 36505569 36505569 36505569 36505569 59501667
47
69864340 69864340 69864340 69864340 69864340 69864340 948401189 948401189 948401189 948401189 137652898 137652898 137652898 137652898 137652898 137652898 137652898 137652898 137652898 908072717 908072717 908072717 908072717 908072717 908072717 908072717 908072717 908072717 908072717 707704726 364239358 364239358 364239358 364239358 364239358 364239358 364239358 782294539 782294539 782294539 782294539 594566357 594566357 120098154 411395742 411395742 411395742
50
731751778 731751778 731751778 731751778 731751778 731751778 731751778 731751778 731751778 731751778 895618829 895618829 895618829 767519186 767519186 767519186 767519186 767519186 767519186 767519186 767519186 743666159 743666159 743666159 743666159 743666159 743666159 743666159 743666159 743666159 555970831 555970831 555970831 555970831 555970831 555970831 555970831 555970831 547731784 547731784 547731784 547731784 547731784 547731784 805378476 805378476 939735490 939735490 333347861 333347861
40
863936185 863936185 863936185 863936185 863936185 863936185 863936185 863936185 863936185 863936185 84622066 84622066 786434952 786434952 786434952 786434952 786434952 786434952 786434952 786434952 786434952 828953063 828953063 828953063 828953063 828953063 828953063 828953063 411404938 411404938 411404938 411404938 411404938 411404938 411404938 411404938 411404938 568922664 568922664 568922664
42
872934088 872934088 872934088 635443000 635443000 635443000 635443000 635443000 635443000 635443000 635443000 635443000 861231081 861231081 861231081 370579696 370579696 370579696 370579696 370579696 370579696 370579696 111088935 111088935 111088935 111088935 111088935 111088935 111088935 111088935 634001483 634001483 634001483 634001483 634001483 634001483 634001483 538339388 538339388 538339388 538339388 100914372
46
579825083 579825083 579825083 579825083 579825083 579825083 579825083 764545615 764545615 764545615 764545615 764545615 764545615 436793096 436793096 436793096 436793096 331397426 331397426 331397426 331397426 331397426 331397426 331397426 331397426 331397426 871464242 871464242 871464242 871464242 871464242 871464242 75580098 75580098 75580098 75580098 75580098 75580098 75580098 75580098 720908086 720908086 85567987 85567987 134288720 216957023
49
936973739 936973739 936973739 936973739 936973739 936973739 936973739 936973739 936973739 936973739 171071811 171071811 480576209 480576209 480576209 480576209 480576209 480576209 480576209 480576209 369323708 369323708 369323708 369323708 369323708 369323708 369323708 369323708 369323708 198650689 198650689 198650689 198650689 858534994 858534994 858534994 858534994 858534994 471972342 471972342 471972342 471972342 471972342 471972342 471972342 471972342 905154043 905154043 327822908
45
609080525 609080525 609080525 609080525 609080525 609080525 334771041 334771041 334771041 334771041 334771041 334771041 334771041 252053615 252053615 252053615 252053615 262159903 22453390 22453390 22453390 22453390 879929356 879929356 879929356 879929356 879929356 879929356 879929356 879929356 879929356 879929356 413222231 413222231 315852792 315852792 315852792 315852792 315852792 315852792 315852792 315852792 315852792 315852792 975558953
42
630191230 630191230 630191230 166969642 166969642 166969642 166969642 27793614 27793614 201572482 201572482 201572482 201572482 201572482 201572482 201572482 201572482 979408739 979408739 979408739 979408739 245223339 245223339 245223339 245223339 245223339 245223339 807524491 807524491 972958218 972958218 972958218 972958218 972958218 972958218 398461714 398461714 398461714 398461714 398461714 398461714 398461714
47
560256480 560256480 560256480 560256480 560256480 560256480 560256480 560256480 892584690 892584690 892584690 264515154 264515154 264515154 264515154 669009388 669009388 669009388 669009388 669009388 669009388 66604751 66604751 66604751 66604751 66604751 294121459 294121459 294121459 294121459 294121459 294121459 294121459 294121459 294121459 401488107 401488107 401488107 310981804 310981804 310981804 310981804 310981804 310981804 310981804 310981804 310981804
44
323439263 323439263 323439263 323439263 660523722 660523722 660523722 660523722 630736577 630736577 630736577 630736577 630736577 630736577 630736577 354174715 354174715 813457488 813457488 813457488 813457488 813457488 380937158 228255215 134910321 134910321 134910321 134910321 734320253 734320253 734320253 734320253 734320253 596995533 596995533 596995533 596995533 596995533 596995533 596995533 596995533 839545560 530459565 912648668
50
116879712 116879712 116879712 116879712 116879712 116879712 116879712 148603271 148603271 148603271 148603271 148603271 148603271 148603271 148603271 148603271 260723794 260723794 260723794 159988835 159988835 159988835 159988835 159988835 159988835 159988835 479798015 479798015 479798015 479798015 479798015 479798015 479798015 479798015 479798015 479798015 94404475 94404475 94404475 94404475 94404475 94404475 94404475 108314150 133142344 133142344 133142344 826305100 826305100 826305100
42
789563264 619403035 619403035 619403035 619403035 619403035 619403035 619403035 619403035 573632790 573632790 573632790 573632790 573632790 573632790 573632790 573632790 170750731 170750731 170750731 170750731 170750731 170750731 170750731 8707471 8707471 8707471 8707471 8707471 8707471 8707471 8707471 8707471 8707471 72779925 762521023 762521023 762521023 762521023 762521023 762521023 603901248
40
728227470 728227470 728227470 728227470 728227470 728227470 349400676 349400676 349400676 349400676 349400676 349400676 349400676 349400676 349400676 51226530 51226530 51226530 51226530 51226530 51226530 51226530 51226530 51226530 51226530 265496031 265496031 265496031 76507432 76507432 76507432 76507432 76507432 76507432 76507432 76507432 76507432 273442713 273442713 758040718
45
277228538 277228538 277228538 556860078 556860078 556860078 556860078 556860078 556860078 556860078 556860078 74205531 74205531 74205531 74205531 74205531 74205531 74205531 74205531 74205531 74205531 640035196 640035196 640035196 640035196 640035196 640035196 640035196 640035196 640035196 665835148 665835148 665835148 665835148 665835148 599791506 599791506 599791506 411054646 818777818 676376804 676376804 676376804 371392429 371392429
48
137519394 137519394 137519394 137519394 137519394 137519394 137519394 621666222 57950264 57950264 57950264 53602756 990538313 990538313 990538313 990538313 990538313 73303196 73303196 73303196 73303196 73303196 73303196 811064108 811064108 811064108 811064108 811064108 811064108 811064108 123965400 123965400 123965400 123965400 123965400 123965400 248388304 248388304 248388304 248388304 248388304 213284313 213284313 213284313 213284313 213284313 213284313 120613971
43
646472605 646472605 646472605 646472605 646472605 646472605 381525578 381525578 381525578 381525578 381525578 381525578 381525578 381525578 381525578 381525578 525846600 525846600 525846600 525846600 525846600 525846600 370524490 370524490 370524490 370524490 370524490 370524490 459100422 459100422 459100422 459100422 459100422 459100422 459100422 459100422 459100422 323163470 323163470 983236918 894296350 894296350 365923048
47
727313538 727313538 727313538 727313538 70069549 70069549 70069549 70069549 70069549 70069549 70069549 70069549 820601851 820601851 820601851 820601851 820601851 134526018 134526018 134526018 134526018 67668695 67668695 67668695 67668695 38193357 38193357 38193357 38193357 38193357 38193357 38193357 38193357 38193357 38193357 487938731 487938731 487938731 487938731 487938731 257372761 90112810 90112810 90112810 90112810 90112810 90112810
43
262871593 262871593 262871593 262871593 262871593 262871593 262871593 262871593 262871593 774234893 774234893 774234893 774234893 774234893 774234893 774234893 774234893 774234893 828450408 828450408 828450408 828450408 828450408 828450408 828450408 828450408 815982850 815982850 815982850 815982850 815982850 815982850 535819611 535819611 535819611 535819611 535819611 535819611 535819611 535819611 535819611 535819611 231476050
46
124620216 508443561 141865701 141865701 141865701 141865701 141865701 141865701 141865701 141865701 141865701 141865701 821934129 821934129 806218521 806218521 806218521 806218521 806218521 806218521 806218521 695878416 695878416 159474748 159474748 159474748 159474748 159474748 159474748 159474748 159474748 159474748 159474748 522860933 522860933 35665055 35665055 35665055 35665055 213949553 213949553 213949553 213949553 213949553 213949553 548954854
44
324167336 324167336 324167336 324167336 811660312 811660312 233284983 233284983 233284983 233284983 233284983 233284983 210534705 210534705 210534705 210534705 210534705 210534705 31831002 31831002 31831002 31831002 847772632 847772632 847772632 847772632 847772632 847772632 847772632 847772632 847772632 847772632 826649113 826649113 826649113 826649113 826649113 826649113 826649113 826649113 826649113 826649113 316239485 907978490
41
478276612 478276612 478276612 478276612 478276612 478276612 478276612 31443205 31443205 31443205 31443205 31443205 31443205 31443205 31443205 515738237 515738237 515738237 515738237 515738237 515738237 515738237 192294119 192294119 192294119 719341787 719341787 656874514 656874514 656874514 656874514 478138453 478138453 642848677 642848677 642848677 642848677 642848677 642848677 642848677 521586156
40
306049578 306049578 306049578 306049578 306049578 306049578 559408692 701710166 651364836 651364836 55457816 55457816 401829228 401829228 401829228 401829228 401829228 401829228 401829228 401829228 401829228 401829228 653714218 653714218 653714218 653714218 608007704 608007704 608007704 608007704 608007704 608007704 541322293 412335280 412335280 412335280 412335280 412335280 412335280 376251253
48
970759016 970759016 34772657 34772657 34772657 101197982 101197982 101197982 101197982 101197982 101197982 101197982 101197982 101197982 377621560 377621560 377621560 377621560 377621560 846934945 846934945 846934945 846934945 922372401 922372401 922372401 922372401 922372401 922372401 922372401 900218397 900218397 900218397 900218397 691354907 691354907 691354907 691354907 691354907 140533388 140533388 140533388 140533388 140533388 140533388 140533388 140533388 140533388
45
239627644 239627644 239627644 239627644 239627644 239627644 239627644 924086797 924086797 924086797 924086797 924086797 924086797 924086797 924086797 924086797 924086797 131427440 131427440 131427440 131427440 131427440 131427440 131427440 131427440 131427440 811003009 811003009 811003009 712799214 712799214 712742445 712742445 712742445 712742445 712742445 712742445 712742445 444636971 444636971 444636971 444636971 444636971 333410818 261361772
45
56475983 56475983 56475983 56475983 56475983 56475983 56475983 466181563 466181563 466181563 466181563 466181563 7180644 7180644 7180644 7180644 7180644 7180644 77186513 77186513 77186513 77186513 26626202 267996927 267996927 267996927 267996927 869818514 869818514 869818514 869818514 869818514 869818514 869818514 869818514 869818514 906017972 479530513 479530513 479530513 479530513 479530513 479530513 72027724 72027724
48
616723659 921512119 921512119 921512119 921512119 921512119 921512119 921512119 674143768 674143768 963061555 963061555 963061555 963061555 963061555 963061555 963061555 963061555 963061555 963061555 477220467 665364592 665364592 665364592 665364592 665364592 665364592 416517127 416517127 416517127 416517127 416517127 416517127 416517127 416517127 416517127 988575061 988575061 988575061 988575061 988575061 988575061 988575061 988575061 988575061 988575061 110572867 168964623
46
900038110 900038110 900038110 900038110 900038110 977794979 977794979 977794979 977794979 977794979 977794979 977794979 977794979 796789371 796789371 796789371 796789371 796789371 858509354 858509354 858509354 858509354 659033684 659033684 659033684 659033684 659033684 659033684 924455516 924455516 699574721 699574721 699574721 699574721 699574721 699574721 699574721 699574721 767597993 767597993 476773872 533881862 533881862 533881862 533881862 533881862
44
172451037 172451037 172451037 172451037 172451037 172451037 172451037 172451037 667568653 667568653 667568653 667568653 667568653 667568653 667568653 667568653 694314799 694314799 694314799 133160814 360118695 360118695 360118695 360118695 360118695 360118695 26235679 26235679 261979327 883661196 883661196 883661196 883661196 883661196 883661196 397831593 397831593 844800472 844800472 844800472 844800472 844800472 844800472 484887590
4
1 5 3 1
40
158487390 158487390 158487390 57212329 57212329 57212329 57212329 57212329 57212329 469150512 469150512 469150512 469150512 469150512 469150512 469150512 469150512 386051225 386051225 386051225 386051225 386051225 386051225 386051225 386051225 386051225 386051225 160386707 160386707 160386707 160386707 160386707 160386707 5093483 5093483 5093483 925180831 925180831 925180831 686889095
49
416126418 416126418 416126418 416126418 416126418 416126418 59263839 59263839 59263839 59263839 59263839 59263839 59263839 42654524 42654524 42654524 42654524 42654524 42654524 42654524 42654524 42654524 83409002 83409002 83409002 83409002 83409002 83409002 912286350 912286350 912286350 765495677 765495677 700858046 700858046 700858046 700858046 700858046 560572091 560572091 560572091 560572091 560572091 560572091 560572091 560572091 560572091 560572091 999300402
50
582717627 582717627 582717627 582717627 582717627 582717627 582717627 582717627 582717627 283986921 283986921 283986921 283986921 283986921 283986921 283986921 283986921 283986921 709275509 709275509 709275509 709275509 709275509 536803919 536803919 536803919 536803919 536803919 802470167 802470167 802470167 802470167 802470167 802470167 802470167 124190315 124190315 282193854 282193854 282193854 282193854 282193854 282193854 118669860 49694709 49694709 49694709 49694709 562431707 562431707
41
360206961 360206961 360206961 360206961 360206961 360206961 360206961 360206961 360206961 360206961 659363040 659363040 659363040 659363040 659363040 655727231 655727231 655727231 347628675 347628675 347628675 347628675 347628675 347628675 347628675 47574430 47574430 47574430 47574430 47574430 47574430 47574430 47574430 279025378 279025378 967344809 967344809 798684009 798684009 470803888 151322464
43
304588630 304588630 304588630 304588630 304588630 304588630 304588630 304588630 304588630 304588630 178180129 178180129 178180129 178180129 178180129 178180129 33107360 101896815 101896815 101896815 525166566 525166566 525166566 306648836 306648836 306648836 306648836 306648836 306648836 306648836 306648836 306648836 200768417 200768417 200768417 200768417 200768417 200768417 475952534 121614542 121614542 121614542 14661354
40
107491561 107491561 107491561 107491561 107491561 107491561 107491561 107491561 885760345 885760345 43801569 890501450 890501450 890501450 890501450 890501450 890501450 890501450 890501450 890501450 17179272 17179272 17179272 498177427 498177427 498177427 498177427 498177427 498177427 498177427 498177427 498177427 594099125 594099125 573719708 847484631 21993682 21993682 614161938 969595860
41
680940291 680940291 680940291 680940291 680940291 680940291 680940291 53385538 53385538 53385538 53385538 53385538 506582768 506582768 506582768 506582768 506582768 506582768 506582768 154104764 453910725 453910725 453910725 453910725 294962896 294962896 294962896 817030699 817030699 817030699 817030699 817030699 817030699 817030699 817030699 817030699 817030699 571446707 571446707 344069660 344069660
50
356731264 356731264 356731264 356731264 356731264 356731264 356731264 356731264 323101739 323101739 323101739 323101739 323101739 323101739 323101739 323101739 323101739 733709627 733709627 733709627 733709627 733709627 733709627 914427427 914427427 914427427 914427427 883129232 883129232 883129232 883129232 883129232 883129232 883129232 944417983 944417983 79340928 79340928 79340928 79340928 79340928 79340928 79340928 79340928 79340928 79340928 491485683 491485683 231304734 852688183
4
2 2 3 3
41
928225050 928225050 829854023 829854023 829854023 829854023 829854023 829854023 149776868 149776868 149776868 149776868 149776868 149776868 149776868 162965576 162965576 162965576 162965576 162965576 162965576 162965576 162965576 162965576 62059393 62059393 62059393 62059393 233965961 233965961 384744245 384744245 775153382 775153382 775153382 775153382 775153382 775153382 775153382 775153382 775153382
50
826089810 200654750 200654750 200654750 404879845 404879845 404879845 404879845 404879845 404879845 404879845 404879845 781730418 781730418 781730418 781730418 781730418 781730418 781730418 781730418 541689260 541689260 541689260 541689260 541689260 567644072 567644072 397738580 397738580 397738580 397738580 489720808 489720808 489720808 489720808 489720808 489720808 489720808 489720808 246019419 246019419 246019419 246019419 246019419 246019419 246019419 246019419 246019419 246019419 179810594
44
19971344 19971344 19971344 540866819 540866819 155155524 155155524 155155524 155155524 155155524 155155524 141708973 141708973 141708973 141708973 141708973 141708973 141708973 141708973 141708973 557776173 557776173 557776173 557776173 557776173 557776173 557776173 557776173 490130202 490130202 490130202 494613585 494613585 494613585 494613585 474776130 474776130 474776130 474776130 474776130 474776130 474776130 474776130 474776130
48
416337413 416337413 416337413 792612858 792612858 792612858 792612858 792612858 792612858 792612858 792612858 251165045 251165045 251165045 251165045 251165045 251165045 251165045 406276566 406276566 406276566 406276566 556038040 154256016 154256016 154256016 154256016 154256016 154256016 154256016 154256016 10306603 10306603 10306603 10306603 294519175 294519175 294519175 294519175 294519175 294519175 294519175 893612295 893612295 462371317 462371317 462371317 462371317
47
645257801 645257801 645257801 645257801 645257801 645257801 818639881 818639881 818639881 818639881 818639881 818639881 818639881 818639881 818639881 575129381 575129381 575129381 575129381 575129381 575129381 575129381 575129381 575129381 296588485 296588485 296588485 296588485 296588485 296588485 296588485 296588485 296588485 296588485 97607810 97607810 97607810 97607810 97607810 97607810 97607810 97607810 97607810 150896746 150896746 362445920 362445920
47
817392303 817392303 217094520 217094520 217094520 217094520 217094520 217094520 217094520 217094520 217094520 575006534 575006534 30758227 30758227 30758227 30758227 30758227 30758227 30758227 30758227 172862090 172862090 172862090 172862090 172862090 172862090 172862090 946399151 946399151 946399151 946399151 946399151 946399151 946399151 946399151 946399151 825218145 535026375 535026375 535026375 535026375 535026375 535026375 535026375 69598217 69598217
41
171762893 171762893 171762893 171762893 171762893 171762893 491879377 491879377 267480786 267909208 850488686 850488686 850488686 516473385 516473385 516473385 516473385 874028186 874028186 874028186 874028186 874028186 874028186 874028186 874028186 114917624 114917624 114917624 114917624 114917624 114917624 114917624 114917624 114917624 57795959 57795959 57795959 356251900 356251900 367014014 367014014
8
3 4 1 4 2 5 3 1
40
181004518 181004518 181004518 181004518 181004518 181004518 181004518 181004518 181004518 610876536 610876536 80660343 80660343 80660343 80660343 80660343 80660343 80660343 80660343 80660343 80660343 43535627 43535627 43535627 43535627 43535627 43535627 43535627 43535627 815374949 815374949 815374949 815374949 815374949 204191018 204191018 867358828 867358828 867358828 867358828
47
475256073 475256073 475256073 475256073 475256073 475256073 475256073 475256073 475256073 528223796 528223796 528223796 528223796 528223796 528223796 296590305 296590305 296590305 296590305 296590305 296590305 296590305 296590305 296590305 293645487 293645487 293645487 293645487 293645487 293645487 293645487 491233469 491233469 146784375 146784375 146784375 146784375 146784375 146784375 146784375 146784375 146784375 146784375 935726983 262732052 46181541 10881591
46
359409998 105039106 105039106 216653842 216653842 216653842 392561713 392561713 392561713 392561713 392561713 392561713 392561713 392561713 392561713 460764274 309230140 309230140 309230140 309230140 309230140 309230140 309230140 65232586 65232586 65232586 65232586 65232586 65232586 65232586 65232586 65232586 65232586 64401808 64401808 64401808 64401808 64401808 64401808 64401808 745033585 745033585 745033585 745033585 619297482 698600264
40
328474663 328474663 328474663 328474663 328474663 328474663 452638563 121322243 121322243 121322243 157480235 157480235 157480235 157480235 157480235 157480235 157480235 157480235 157480235 434441364 434441364 434441364 477263667 477263667 477263667 477263667 714588525 714588525 714588525 714588525 714588525 714588525 714588525 763760852 763760852 673088117 673088117 673088117 318636273 543610022
49
567180214 567180214 567180214 567180214 567180214 567180214 567180214 567180214 567180214 51837118 39797426 39797426 39797426 39797426 39797426 39797426 39797426 39797426 39797426 39797426 526917869 526917869 526917869 526917869 526917869 526917869 526917869 530414685 530414685 530414685 530414685 530414685 530414685 688670600 688670600 688670600 688670600 688670600 688670600 632897143 632897143 632897143 632897143 632897143 632897143 632897143 632897143 632897143 632897143
41
313998227 313998227 313998227 313998227 313998227 372079229 372079229 372079229 372079229 372079229 372079229 372079229 372079229 372079229 13649192 13649192 13649192 13649192 13649192 663356189 121526609 121526609 121526609 121526609 121526609 121526609 121526609 121526609 730920138 730920138 730920138 730920138 730920138 730920138 730920138 949351708 949351708 949351708 949351708 714380645 84827754
46
823771667 823771667 823771667 823771667 657663435 657663435 657663435 657663435 657663435 657663435 657663435 657663435 532096278 532096278 532096278 532096278 532096278 532096278 697701499 697701499 697701499 697701499 697701499 697701499 697701499 36885562 36885562 36885562 36885562 36885562 36885562 36885562 36885562 36885562 484898136 484898136 484898136 484898136 484898136 484898136 484898136 484898136 484898136 484898136 547344658 269121544
50
104796157 104796157 104796157 104796157 104796157 104796157 104796157 104796157 406393520 406393520 406393520 406393520 406393520 169636331 169636331 169636331 169636331 169636331 861785283 861785283 127452913 127452913 127452913 127452913 127452913 127452913 609079531 609079531 609079531 609079531 609079531 609079531 50763063 50763063 50763063 50763063 50763063 759737115 759737115 846153556 846153556 846153556 846153556 846153556 846153556 846153556 846153556 846153556 846153556 1207236
41
291431052 291431052 291431052 291431052 291431052 291431052 291431052 291431052 366570134 366570134 255081416 255081416 255081416 255081416 255081416 255081416 960224994 960224994 191133476 191133476 191133476 191133476 191133476 191133476 512036745 512036745 512036745 512036745 108491771 108491771 108491771 108491771 108491771 108491771 108491771 108491771 352538106 352538106 352538106 352538106 352538106
40
219445272 219445272 219445272 219445272 190507380 190507380 190507380 190507380 190507380 190507380 190507380 172455319 696903333 23563707 23563707 23563707 124671241 124671241 124671241 124671241 124671241 124671241 124671241 124671241 124671241 124671241 43746474 43746474 43746474 43746474 43746474 43746474 94877259 94877259 94877259 94877259 427709495 505316519 521900651 12559849
42
264477812 264477812 264477812 264477812 264477812 264477812 264477812 264477812 640561728 224995131 224995131 224995131 224995131 792151846 792151846 792151846 249459048 249459048 249459048 249459048 249459048 249459048 249459048 34168471 34168471 34168471 34168471 34168471 34168471 34168471 34168471 34168471 34168471 770459857 770459857 770459857 770459857 770459857 770459857 770459857 498197995 537836669
43
256115570 256115570 505418714 505418714 505418714 736185179 736185179 736185179 736185179 736185179 736185179 736185179 872183254 872183254 872183254 872183254 913188579 218032850 218032850 218032850 218032850 218032850 218032850 218032850 218032850 218032850 218032850 582903826 582903826 919389967 919389967 919389967 919389967 919389967 919389967 919389967 919389967 919389967 766611668 766611668 923508713 923508713 13030697
45
33464214 33464214 33464214 33464214 33464214 33464214 33464214 33464214 33464214 33464214 753214456 753214456 753214456 753214456 753214456 753214456 753214456 753214456 753214456 753214456 245774065 245774065 245774065 245774065 245774065 245774065 319224589 319224589 319224589 611948 611948 611948 611948 611948 462845410 462845410 462845410 462845410 462845410 427304193 427304193 427304193 427304193 427304193 753586475
48
964314210 964314210 964314210 781989559 781989559 781989559 781989559 781989559 781989559 781989559 781989559 902820720 902820720 902820720 902820720 902820720 484828236 517447491 517447491 517447491 517447491 517447491 517447491 517447491 517447491 517447491 517447491 427449062 427449062 427449062 427449062 151663577 151663577 151663577 151663577 151663577 340162513 340162513 340162513 340162513 340162513 340162513 340162513 340162513 340162513 340162513 748157515 748157515
46
837803537 837803537 837803537 837803537 837803537 837803537 837803537 837803537 837803537 695143295 695143295 695143295 695143295 695143295 695143295 695143295 45913647 45913647 45913647 45913647 45913647 45913647 822033691 651923550 651923550 651923550 651923550 651923550 651923550 51415868 51415868 51415868 51415868 215944115 215944115 215944115 215944115 215944115 215944115 215944115 607184757 607184757 607184757 368636524 368636524 368636524
50
152398554 152398554 152398554 152398554 152398554 152398554 692341883 692341883 692341883 692341883 692341883 692341883 692341883 654415642 654415642 450082691 450082691 450082691 450082691 5816052 5816052 5816052 5816052 5816052 5816052 348864862 348864862 348864862 348864862 348864862 348864862 348864862 348864862 130451591 130451591 130451591 130451591 130451591 130451591 291921540 291921540 291921540 291921540 291921540 290180805 290180805 9010263 9010263 383490621 383490621
46
70559109 70559109 70559109 70559109 70559109 70559109 70559109 70559109 937228300 937228300 937228300 392444654 392444654 392444654 392444654 392444654 392444654 392444654 392444654 392444654 392444654 994061711 589851245 589851245 117123604 117123604 117123604 117123604 117123604 204555287 526877793 526877793 526877793 526877793 526877793 526877793 540605540 540605540 540605540 32157806 32157806 32157806 32157806 32157806 32157806 32157806
45
234213392 234213392 234213392 234213392 234213392 571936741 571936741 571936741 571936741 823001056 823001056 823001056 823001056 823001056 624474975 624474975 624474975 624474975 624474975 624474975 624474975 624474975 454458745 454458745 454458745 454458745 454458745 454458745 454458745 350708899 350708899 350708899 350708899 350708899 350708899 350708899 350708899 350708899 91658138 91658138 91658138 91658138 91658138 118349581 118349581
41
576044882 576044882 576044882 855134114 855134114 855134114 855134114 855134114 855134114 855134114 855134114 855134114 27884957 27884957 27884957 27884957 27884957 27884957 27884957 27884957 27884957 27884957 217484210 217484210 217484210 217484210 217484210 217484210 217484210 91050862 91050862 91050862 91050862 91050862 91050862 256668139 256668139 256668139 256668139 734504851 430603891
