100
4 3 12
3 2 1
1 5 2
8 1 1
3 2 30
1 2 27
3 2 1
4 1 11
2 1 2
4 1 5
8 2 2
5 10 5000
14 27 31
27 11 44
30 8 20
2000 4000 3
6 88 1920
432 40 16
448 72 1176
1536 672 8
1104 80 8
2288 80 72
4 68 418
202 5 17
87 74 1
236 15 48
9 8 40
6 9 7
6 7 1
14 7 1
9 7 1
18 2 7
9 8 3
2 1 1
29 4 5
5 55 171
40 53 9
41 10 7
71 26 3
45 63 48
10 26 260
12 19 9
29 14 12
44 14 179
317 23 60
378 13 3
192 6 15
407 17 4
411 13 20
433 14 8
13 224 1880
104 136 120
216 72 32
352 112 88
256 192 80
584 120 48
528 160 40
864 104 24
432 264 56
864 304 8
1280 16 136
1224 248 48
1520 192 32
15 20 836
52 6 2
36 20 2
60 8 30
136 16 10
156 6 16
172 12 186
346 96 2
446 4 42
310 170 24
680 16 2
706 6 2
722 14 6
204 104 2
832 10 4
9 496 2464
272 272 112
320 368 288
208 144 16
720 96 32
1168 304 208
1408 320 128
1888 144 48
1664 608 192
13 17 804
160 3 19
173 24 68
260 94 3
359 4 18
386 4 5
392 17 1
394 8 5
219 12 135
563 8 4
578 2 59
170 46 7
709 14 13
7 13 886
100 4 75
288 4 1
199 9 101
443 9 24
567 3 76
875 2 11
8 7 395
65 3 64
113 15 6
29 6 1
100 6 1
30 3 1
157 3 215
393 3 2
16 21 172
14 8 8
33 13 6
40 18 2
24 9 1
33 10 13
37 13 5
59 15 15
93 14 2
27 19 7
116 19 2
118 10 1
122 13 5
41 22 3
93 13 19
152 4 20
5 35 437
21 30 3
24 15 11
45 24 69
417 7 20
9 24 838
7 25 2
8 5 3
20 19 22
27 4 1
48 18 39
418 11 24
453 20 141
583 236 19
7 44 131
30 24 1
12 20 13
48 4 5
48 43 9
102 26 11
58 30 3
14 40 1784
30 28 242
312 6 2
140 46 34
502 28 42
212 98 2
390 18 410
180 52 2
810 14 232
1446 18 30
1476 32 4
230 42 220
1742 14 12
1754 20 30
14 26 3233
6 22 12
9 108 6
97 38 1
143 8 6
131 37 5
177 25 3
190 16 36
201 340 68
547 22 10
626 13 3
639 10 12
206 107 15
744 236 17
9 65 296
52 16 1
73 45 25
136 46 4
144 55 7
68 60 9
219 39 3
112 58 6
238 64 58
15 26 1011
9 23 4
6 19 4
23 22 169
264 17 1
265 9 14
178 26 135
430 12 43
73 63 35
301 82 15
620 25 13
661 22 33
951 11 1
24 5 190
1155 13 26
10 16 812
14 13 221
164 69 4
309 12 33
600 16 19
625 6 24
731 7 3
361 13 6
796 14 3
762 13 11
5 45 1221
21 36 2
10 15 10
24 44 289
340 847 34
4 17 4583
10 9 184
290 11 4
371 6 10
10 12 85
7 8 7
12 3 4
9 10 4
25 4 9
35 2 10
9 9 2
49 3 8
24 11 1
59 9 11
11 25 758
198 5 1
201 4 17
142 19 12
205 135 18
359 20 1
363 25 154
499 115 10
625 22 16
726 11 13
741 5 17
4 80 4290
160 5 1
170 76 50
124 23 34
4 109 3670
273 3 114
654 96 64
477 94 100
6 16 960
3 16 39
273 2 4
264 38 9
93 8 133
438 519 3
2 119 3118
99 28 60
11 14 504
33 5 1
40 8 8
51 6 4
57 10 1
61 14 214
264 128 2
184 7 6
302 21 18
486 2 8
255 2 9
15 3 676
23 5 1
76 3 1
78 2 56
134 3 2
136 2 2
138 2 164
161 140 11
27 9 6
468 3 2
461 3 8
500 2 73
43 4 24
626 3 30
653 31 3
9 17 752
6 17 3
8 96 3
20 15 2
115 7 13
89 14 507
631 93 6
735 3 1
737 7 15
13 41 990
1 41 8
29 18 5
35 23 2
38 5 5
55 29 15
40 31 9
88 12 17
111 13 25
142 18 8
165 40 327
489 422 5
1031 15 17
8 11 1075
74 5 49
188 9 7
124 1 2
199 10 56
250 807 7
934 5 1
1070 11 5
16 21 538
5 18 2
3 48 45
102 6 22
109 49 36
260 3 3
266 11 12
171 88 36
446 8 85
418 47 1
568 9 2
36 2 89
270 124 2
383 17 16
945 21 17
588 17 2
15 30 279
27 19 9
46 27 17
69 3 22
95 30 12
124 30 1
104 1 11
129 23 1
156 22 1
64 33 2
192 6 4
212 12 1
214 23 3
220 25 21
93 26 30
14 7 637
5 5 3
10 3 3
15 2 4
15 5 1
22 4 4
27 2 266
288 54 1
208 4 2
346 4 125
527 3 3
315 4 10
105 87 5
147 3 4
6 21 726
40 3 13
38 22 5
67 8 2
76 7 308
374 339 13
5 11 426
84 3 54
135 76 23
413 6 3
416 5 10
7 11 969
360 3 3
368 9 8
370 462 8
735 34 43
833 37 2
952 6 11
13 16 1258
82 4 2
75 15 12
87 48 13
139 162 2
292 5 3
127 28 3
57 5 23
402 6 8
416 4 11
551 6 27
586 5 3
500 28 15
11 20 688
14 10 6
20 16 8
22 10 102
115 21 42
215 13 100
157 35 5
337 7 1
34 24 134
469 191 16
676 10 12
4 113 417
108 81 72
85 106 42
169 89 29
4 80 1140
258 5 4
119 73 474
424 269 30
16 120 4435
75 60 150
1085 55 5
1090 115 15
1110 40 25
1280 55 45
1625 35 275
1155 120 50
1510 60 100
2165 115 5
2175 90 5
2205 75 10
410 155 5
2290 50 10
2365 105 1370
3950 65 60
13 14 779
84 4 1
29 14 1
87 11 2
89 5 63
203 6 13
125 13 82
541 6 23
566 11 1
375 3 4
441 17 38
205 102 50
199 13 8
12 40 1072
32 32 40
94 6 14
178 6 2
60 34 2
70 26 594
24 22 14
814 36 12
828 32 14
740 34 20
400 36 2
874 30 28
2 130 4371
59 115 75
7 13 660
3 14 308
328 2 3
122 5 9
342 11 118
283 173 2
405 27 12
12 30 204
19 22 5
12 6 3
26 12 12
33 15 2
41 26 13
54 31 1
100 10 11
44 23 22
117 10 11
150 23 1
148 15 21
16 4 888
1 4 1
4 4 3
7 4 3
10 4 1
7 4 109
423 3 35
488 3 1
126 3 2
491 2 20
66 63 1
572 2 6
122 113 3
209 5 1
697 4 67
885 4 3
13 16 802
200 3 9
212 15 2
188 12 29
336 5 22
212 145 1
219 4 1
508 3 1
510 10 125
533 46 4
783 15 4
437 1 3
794 12 8
10 21 465
9 16 1
11 5 1
12 5 1
2 11 168
168 39 12
72 23 5
89 22 74
304 75 1
146 6 7
6 27 580
23 24 99
113 80 18
219 8 225
539 24 24
564 9 16
4 10 17
1 10 1
9 8 1
15 3 1
14 24 1060
3 24 26
6 115 11
47 1 2
117 17 18
47 18 7
162 16 340
188 153 4
128 25 32
620 25 17
271 71 49
449 172 30
1000 18 9
1042 7 18
11 22 113
7 21 1
5 13 1
20 10 11
11 20 15
50 20 13
24 2 4
73 20 1
74 7 10
49 22 3
97 10 14
9 24 982
12 21 22
341 14 11
205 20 16
102 13 3
93 26 174
559 200 4
104 6 105
725 127 3
10 40 934
70 10 8
34 30 122
260 18 2
264 10 50
144 138 18
166 34 88
840 32 20
864 12 18
546 32 36
9 12 260
19 3 3
24 9 2
8 6 4
18 19 38
198 7 1
199 12 7
207 12 83
388 6 2
13 28 182
19 14 13
26 7 12
21 38 2
61 14 18
62 24 1
41 23 2
30 7 15
44 14 5
120 3 4
119 9 2
41 36 3
154 22 28
9 20 469
91 2 53
145 10 7
115 13 5
39 4 330
188 145 1
630 13 109
856 2 5
789 26 7
3 49 85
18 34 19
62 16 19
16 12 1450
10 11 3
19 6 44
100 10 1
89 12 45
79 62 4
149 12 39
238 51 38
367 11 1
371 11 11
142 10 2
359 5 1
157 18 27
208 102 3
236 54 12
576 2 7
16 9 524
5 6 8
30 4 8
41 5 7
44 11 2
28 2 6
55 94 5
157 2 4
69 4 28
184 76 67
351 3 2
354 9 2
361 8 3
39 3 48
317 88 11
247 25 2
7 16 686
5 14 158
168 4 12
183 15 10
25 11 5
205 444 2
638 13 14
6 38 113
22 18 12
20 37 2
86 31 2
97 7 4
129 12 27
9 44 835
179 3 92
271 25 21
310 16 19
348 34 13
371 34 146
742 15 14
760 41 91
941 39 14
16 6 50
2 5 4
6 5 1
3 3 3
12 6 1
11 3 2
16 3 1
18 3 1
4 3 3
21 3 1
28 4 1
12 7 2
38 4 4
22 5 1
46 4 1
48 3 2
6 62 727
15 51 4
20 58 282
271 217 110
564 20 5
623 36 46
5 27 139
23 27 12
26 21 2
56 27 8
74 19 26
11 15 658
279 4 3
164 15 17
292 76 4
167 19 26
251 18 3
233 12 6
437 8 10
450 7 2
452 2 158
165 34 9
2 12 2208
110 4 9
7 42 1209
393 15 21
678 36 18
57 24 12
393 33 303
573 87 3
579 51 39
2 52 1558
39 48 27
4 56 155
45 56 1
10 45 30
96 44 32
5 53 515
39 22 3
11 33 355
196 81 18
50 6 2
7 364 1554
140 266 14
336 140 168
518 266 70
252 434 70
574 196 84
966 350 350
5 48 3148
142 5 12
164 39 223
353 123 5
512 33 40
16 14 79
2 13 8
12 11 5
6 12 4
11 11 1
18 6 1
30 5 3
23 17 3
15 5 10
40 8 1
57 2 7
61 3 1
69 4 2
71 8 1
36 12 2
74 14 4
4 75 232
18 66 1
79 55 2
38 59 35
3 46 518
202 3 263
504 40 4
11 18 2637
14 11 1
3 17 31
77 10 7
20 8 91
181 18 8
189 4 5
187 140 1
336 10 6
74 13 15
178 4 18
5 93 4008
335 2 17
183 12 83
434 69 9
356 80 45
13 133 2352
455 21 147
609 105 7
350 56 21
749 49 378
588 154 105
623 280 21
1512 133 7
518 56 126
1988 70 7
1281 91 28
2079 126 14
1351 154 91
7 45 686
17 44 112
153 45 6
20 18 183
421 5 2
247 44 2
285 49 38
8 310 1350
190 200 90
150 240 20
100 10 200
300 330 50
500 340 60
910 290 40
670 140 100
7 23 339
8 24 116
110 92 42
308 2 6
320 21 1
322 23 3
329 16 10
4 98 397
5 94 10
7 70 24
144 86 81
16 17 814
3 15 36
24 58 164
239 95 13
274 7 11
366 12 5
373 13 58
474 10 6
206 14 1
427 5 15
503 14 48
642 15 14
686 15 48
738 16 1
310 9 20
637 54 15
10 30 547
13 29 132
131 74 9
222 29 18
227 194 16
125 24 2
456 4 9
479 9 27
506 11 5
517 20 30
7 174 3204
141 141 3
87 96 795
876 516 93
1494 18 63
1644 27 990
2907 30 96
16 392 3528
196 294 84
42 504 182
448 448 42
322 182 224
1372 84 42
504 406 14
322 168 28
1876 112 14
1960 294 14
1974 224 210
700 182 140
2142 490 28
784 378 28
2702 266 280
476 210 252
16 12 275
18 2 5
14 12 2
11 6 3
34 2 1
24 41 3
19 8 14
121 7 1
123 10 181
97 65 1
327 9 1
372 7 25
219 56 2
444 64 7
524 8 3
410 10 12
16 3 697
7 4 1
8 2 159
194 3 2
40 2 2
28 2 2
200 2 1
10 1 2
14 3 2
205 2 483
555 132 52
729 70 2
397 2 2
558 1 1
945 3 2
947 3 1
4 4 122
115 4 2
105 4 1
118 2 1
15 22 191
10 14 1
15 8 2
19 4 2
1 33 5
9 5 9
52 10 3
39 19 7
78 22 7
65 22 5
86 18 17
124 19 12
129 15 4
76 12 6
167 14 20
